Date,Open,High,Low,Close,Volume
2016-09-19,779.97,781.94,771.0,775.1,2297221
2016-09-20,776.0,781.37,776.0,780.22,1937164
2016-09-21,783.25,790.69,779.01,789.74,2718644
2016-09-22,794.27,805.89,794.27,804.7,4078910
2016-09-23,803.13,807.75,802.12,805.75,2353511
2016-09-26,801.8,805.93,797.14,799.16,2651397
2016-09-27,801.85,816.64,801.11,816.11,3819600
2016-09-28,818.0,830.14,817.03,828.72,4422078
2016-09-29,828.26,837.5,824.63,829.05,4922248
2016-09-30,832.61,839.95,832.4,837.31,4430566
2016-10-03,836.0,839.86,831.25,836.74,2769448
2016-10-04,840.91,842.36,830.26,834.03,2950314
2016-10-05,838.0,845.67,836.12,844.36,3469055
2016-10-06,843.7,847.21,840.6,841.66,2684013
2016-10-07,845.79,845.95,837.45,839.43,2426228
2016-10-10,843.25,845.2,840.27,841.71,1827143
2016-10-11,841.02,841.29,828.35,831.0,3588180
2016-10-12,834.0,837.67,830.1,834.09,2380416
2016-10-13,829.0,831.8,821.21,829.28,3091387
2016-10-14,835.08,835.74,822.96,822.96,2999814
2016-10-17,821.5,822.0,811.68,812.95,3361492
2016-10-18,822.11,823.26,815.02,817.65,2512504
2016-10-19,820.4,820.67,815.17,817.69,2090706
2016-10-20,813.99,815.71,803.1,810.32,3151954
2016-10-21,809.36,819.42,809.0,818.99,2793015
2016-10-24,824.95,838.3,822.21,838.09,4060899
2016-10-25,839.3,843.09,833.22,835.18,3248358
2016-10-26,832.76,833.44,820.0,822.59,3998102
2016-10-27,831.24,831.72,815.43,818.36,7406385
2016-10-28,782.0,789.49,774.61,776.32,10841073
2016-10-31,781.03,793.7,780.11,789.82,5413326
2016-11-01,799.0,800.84,776.71,785.41,5305428
2016-11-02,783.93,784.75,763.55,765.56,5026504
2016-11-03,765.05,777.0,764.0,767.03,3872496
2016-11-04,762.79,766.0,753.23,755.05,5122103
2016-11-07,771.64,787.73,770.94,784.93,5984354
2016-11-08,784.97,791.74,779.1,787.75,3412629
2016-11-09,764.0,777.5,760.09,771.88,8562892
2016-11-10,778.81,778.83,717.7,742.38,12746994
2016-11-11,735.73,743.26,728.9,739.01,6622784
2016-11-14,745.51,746.0,710.1,719.07,7321344
2016-11-15,730.0,746.78,725.99,743.24,6755785
2016-11-16,739.88,749.87,735.61,746.49,3648791
2016-11-17,749.32,757.5,748.0,756.4,3651345
2016-11-18,761.0,767.74,757.64,760.16,4373408
2016-11-21,766.0,780.35,765.11,780.0,4614574
2016-11-22,788.17,792.4,781.0,785.33,5311320
2016-11-23,781.73,781.75,773.12,780.12,3540263
2016-11-25,786.5,786.75,777.9,780.37,1837068
2016-11-28,776.99,777.0,764.24,766.77,4438828
2016-11-29,768.0,769.89,761.32,762.52,3272344
2016-11-30,762.0,768.09,750.25,750.57,4625946
2016-12-01,752.41,753.37,738.03,743.65,4665993
2016-12-02,743.4,748.49,736.7,740.34,3561307
2016-12-05,745.0,761.49,742.0,759.36,4314723
2016-12-06,763.99,768.24,757.25,764.72,3794746
2016-12-07,764.55,770.42,755.82,770.42,3684906
2016-12-08,771.87,773.79,765.19,767.33,3189608
2016-12-09,770.0,770.25,765.34,768.66,2470923
2016-12-12,766.4,766.89,757.2,760.12,2963945
2016-12-13,764.96,782.46,762.0,774.34,5285288
2016-12-14,778.25,780.86,762.81,768.82,5454836
2016-12-15,766.28,769.1,760.31,761.0,3801927
2016-12-16,765.0,765.13,754.0,757.77,4848219
2016-12-19,758.89,770.5,756.16,766.0,3113240
2016-12-20,768.65,774.39,767.71,771.22,2703629
2016-12-21,770.0,771.22,765.7,770.6,2044629
2016-12-22,768.12,771.21,763.02,766.34,2543551
2016-12-23,764.55,766.5,757.99,760.59,1981616
2016-12-27,763.4,774.65,761.2,771.4,2638725
2016-12-28,776.25,780.0,770.5,772.13,3301025
2016-12-29,772.4,773.4,760.85,765.15,3158299
2016-12-30,766.47,767.4,748.28,749.87,4139449
2017-01-03,757.92,758.76,747.7,753.67,3521066
2017-01-04,758.39,759.68,754.2,757.18,2510526
2017-01-05,761.55,782.4,760.26,780.45,5830068
2017-01-06,782.36,799.44,778.48,795.99,5986234
2017-01-09,798.0,801.77,791.77,796.92,3446109
2017-01-10,796.6,798.0,789.54,795.9,2558369
2017-01-11,793.66,799.5,789.51,799.02,2992791
2017-01-12,800.31,814.13,799.5,813.64,4873922
2017-01-13,814.32,821.65,811.4,817.14,3791945
2017-01-17,815.7,816.0,803.44,809.72,3670529
2017-01-18,809.5,811.73,804.27,807.48,2354201
2017-01-19,810.0,813.51,807.32,809.04,2540784
2017-01-20,815.28,816.02,806.26,808.33,3376196
2017-01-23,806.8,818.5,805.08,817.88,2797474
2017-01-24,822.0,823.99,814.5,822.44,2971740
2017-01-25,825.79,837.42,825.29,836.52,4023078
2017-01-26,835.53,843.84,833.0,839.15,3586323
2017-01-27,839.0,839.7,829.44,835.77,2998700
2017-01-30,833.0,833.5,816.38,830.38,3747336
2017-01-31,823.75,826.99,819.56,823.48,3137196
2017-02-01,829.21,833.78,824.94,832.35,3850181
2017-02-02,836.59,842.49,828.26,839.95,7350492
2017-02-03,806.72,818.3,804.0,810.2,10868773
2017-02-06,809.8,810.72,803.0,807.64,3897301
2017-02-07,809.31,816.16,807.5,812.5,3466091
2017-02-08,812.69,821.48,812.5,819.71,2857985
2017-02-09,821.6,825.0,819.71,821.36,2484948
2017-02-10,823.82,828.0,822.85,827.46,2429609
2017-02-13,831.62,843.0,828.55,836.53,4172618
2017-02-14,837.0,838.31,831.45,836.39,2792442
2017-02-15,834.0,842.81,832.82,842.7,2968853
2017-02-16,841.84,845.0,839.38,844.14,2714667
2017-02-17,842.0,847.27,840.73,845.07,3112275
2017-02-21,848.84,857.98,847.25,856.44,3507742
2017-02-22,856.95,858.43,852.18,855.61,2616971
2017-02-23,857.57,860.86,848.0,852.19,3461984
2017-02-24,844.69,845.81,837.75,845.24,3687963
2017-02-27,842.38,852.5,839.67,848.64,2713627
2017-02-28,851.45,854.09,842.05,845.04,2793709
2017-03-01,853.05,854.83,849.01,853.08,2760083
2017-03-02,853.08,854.82,847.28,848.91,2132098
2017-03-03,847.2,851.98,846.27,849.88,1951575
2017-03-06,845.23,848.49,841.12,846.61,2610370
2017-03-07,845.48,848.46,843.75,846.02,2247554
2017-03-08,848.0,853.07,846.79,850.5,2288317
2017-03-09,851.0,856.4,850.31,853.0,2048187
2017-03-10,857.0,857.35,851.72,852.46,2436434
2017-03-13,851.77,855.69,851.71,854.59,1909672
2017-03-14,853.55,853.75,847.55,852.53,2130586
2017-03-15,854.33,854.45,847.11,852.97,2562176
2017-03-16,855.3,855.5,850.51,853.42,1842296
2017-03-17,853.49,853.83,850.64,852.31,3384403
2017-03-20,851.51,857.8,851.01,856.97,2282727
2017-03-21,858.84,862.8,841.31,843.2,4382852
2017-03-22,840.43,849.37,839.05,848.06,2658669
2017-03-23,848.2,850.89,844.8,847.38,1952964
2017-03-24,851.68,851.8,843.53,845.61,2138269
2017-03-27,838.07,850.3,833.5,846.82,2755775
2017-03-28,851.75,858.46,850.1,856.0,3041633
2017-03-29,859.05,876.44,859.02,874.32,4485770
2017-03-30,874.95,877.06,871.66,876.34,2762730
2017-03-31,877.0,890.35,876.65,886.54,3957612
2017-04-03,888.0,893.49,885.42,891.51,3422328
2017-04-04,891.5,908.54,890.28,906.83,4984656
2017-04-05,910.82,923.72,905.62,909.28,7508370
2017-04-06,913.8,917.19,894.49,898.28,6344065
2017-04-07,899.65,900.09,889.31,894.88,3710922
2017-04-10,899.63,908.51,899.0,907.04,3184301
2017-04-11,907.04,911.24,897.5,902.36,3012743
2017-04-12,903.09,904.09,895.25,896.23,2456140
2017-04-13,891.45,894.97,884.49,884.67,3174583
2017-04-17,887.5,902.38,887.5,901.99,2854673
2017-04-18,900.99,909.61,900.78,903.78,2999238
2017-04-19,907.84,910.5,897.37,899.2,2870242
2017-04-20,899.7,905.32,896.29,902.06,2814441
2017-04-21,902.67,903.65,896.77,898.53,2420494
2017-04-24,908.68,909.99,903.82,907.41,3122893
2017-04-25,907.04,909.48,903.0,907.62,3380639
2017-04-26,910.3,915.75,907.56,909.29,2608948
2017-04-27,914.39,921.86,912.11,918.38,5305543
2017-04-28,948.83,949.59,924.33,924.99,7364681
2017-05-01,927.8,954.4,927.8,948.23,5466544
2017-05-02,946.64,950.1,941.41,946.94,3848835
2017-05-03,946.0,946.0,935.9,941.03,3582686
2017-05-04,944.75,945.0,934.22,937.53,2418381
2017-05-05,940.52,940.79,930.3,934.15,2866397
2017-05-08,940.95,949.05,939.21,949.04,3415731
2017-05-09,952.8,957.89,950.2,952.82,3262113
2017-05-10,953.5,953.75,945.0,948.95,2096512
2017-05-11,945.11,950.29,940.78,947.62,2194070
2017-05-12,954.5,962.79,951.53,961.35,3625857
2017-05-15,958.73,963.15,956.06,957.97,4270625
2017-05-16,961.0,970.06,960.91,966.07,3126051
2017-05-17,954.7,960.4,944.12,944.76,5145578
2017-05-18,944.8,962.75,944.76,958.49,3939347
2017-05-19,962.84,968.92,959.72,959.84,3972089
2017-05-22,964.0,971.38,962.9,970.67,2642217
2017-05-23,975.02,975.2,966.85,971.54,2415594
2017-05-24,976.0,981.0,970.23,980.35,2463052
2017-05-25,984.85,999.0,982.11,993.38,4822032
2017-05-26,995.0,998.65,989.25,995.78,3469154
2017-05-30,996.51,1001.2,995.52,996.7,3263069
2017-05-31,1000.0,1000.12,982.16,994.62,3913115
2017-06-01,998.59,998.99,991.37,995.95,2454841
2017-06-02,998.99,1008.48,995.67,1006.73,3752328
2017-06-05,1007.23,1013.21,1003.51,1011.34,2719859
2017-06-06,1012.0,1016.5,1001.25,1003.0,3346432
2017-06-07,1005.95,1010.25,1002.0,1010.07,2823041
2017-06-08,1012.06,1013.61,1006.11,1010.27,2767857
2017-06-09,1012.5,1012.99,927.0,978.31,7647692
2017-06-12,967.0,975.95,945.0,964.91,9447233
2017-06-13,977.99,984.5,966.1,980.79,4580011
2017-06-14,988.59,990.34,966.71,976.47,3974900
2017-06-15,958.7,965.73,950.86,964.17,5373865
2017-06-16,996.0,999.75,982.0,987.71,11472662
2017-06-19,1017.0,1017.0,989.9,995.17,5043408
2017-06-20,998.0,1004.88,992.02,992.59,4076828
2017-06-21,998.7,1002.72,992.65,1002.23,2922473
2017-06-22,1002.23,1006.96,997.2,1001.3,2253433
2017-06-23,1002.54,1004.62,998.02,1003.74,2879145
2017-06-26,1008.5,1009.8,992.0,993.98,3386157
2017-06-27,990.69,998.8,976.0,976.78,3782389
2017-06-28,978.55,990.68,969.21,990.33,3737567
2017-06-29,979.0,987.56,965.25,975.93,4302968
2017-06-30,980.12,983.47,967.61,968.0,3390345
2017-07-03,972.79,974.49,951.0,953.66,2909108
2017-07-05,961.53,975.0,955.25,971.4,3652955
2017-07-06,964.66,974.4,959.02,965.14,3259613
2017-07-07,969.55,980.11,969.14,978.76,2643387
2017-07-10,985.0,999.44,983.5,996.47,3546268
2017-07-11,993.0,995.99,983.72,994.13,2982726
2017-07-12,1000.65,1008.55,998.1,1006.51,3608574
2017-07-13,1004.62,1006.88,995.9,1000.63,2880769
2017-07-14,1002.4,1004.45,996.89,1001.81,2102469
2017-07-17,1004.69,1014.75,1003.81,1010.04,3712587
2017-07-18,1006.0,1026.03,1004.0,1024.45,4007624
2017-07-19,1025.0,1031.59,1022.5,1026.87,2963964
2017-07-20,1031.59,1034.97,1022.52,1028.7,3097487
2017-07-21,1021.28,1026.1,1011.0,1025.67,2734577
2017-07-24,1028.34,1043.01,1027.43,1038.95,3288020
2017-07-25,1038.05,1043.33,1032.48,1039.87,2447629
2017-07-26,1043.2,1053.2,1043.2,1052.8,2921253
2017-07-27,1069.55,1083.31,1040.18,1046.0,10991715
2017-07-28,1012.14,1032.85,1001.0,1020.04,7709420
2017-07-31,1019.05,1019.05,987.02,987.78,7352063
2017-08-01,996.11,1006.4,991.58,996.19,4572576
2017-08-02,1001.77,1003.21,981.73,995.89,4069993
2017-08-03,999.47,999.5,984.59,986.92,3255764
2017-08-04,989.68,991.67,982.0,987.58,2730308
2017-08-07,990.65,995.0,987.14,992.27,2676607
2017-08-08,994.35,996.28,985.79,989.84,2902815
2017-08-09,982.6,988.0,975.27,982.01,3569731
2017-08-10,976.3,979.86,954.68,956.92,5684068
2017-08-11,960.0,970.39,951.38,967.99,3468017
2017-08-14,978.41,985.5,976.19,983.3,3172892
2017-08-15,988.9,991.74,982.0,982.74,2549295
2017-08-16,981.65,986.46,973.22,978.18,3132066
2017-08-17,977.84,977.84,960.32,960.57,3512397
2017-08-18,961.4,965.43,954.65,958.47,3284821
2017-08-21,957.57,961.2,945.46,953.29,3164483
2017-08-22,955.52,967.93,955.5,966.9,2749970
2017-08-23,959.38,962.0,954.2,958.0,2668264
2017-08-24,957.42,959.0,941.14,952.45,5195726
2017-08-25,956.0,957.62,944.1,945.26,3324791
2017-08-28,946.54,953.0,942.25,946.02,2596737
2017-08-29,940.0,956.0,936.33,954.06,2874299
2017-08-30,958.44,969.41,956.91,967.59,2904604
2017-08-31,974.7,981.0,972.76,980.6,3331488
2017-09-01,984.2,984.5,976.88,978.25,2535917
2017-09-05,975.4,976.77,960.37,965.27,2998649
2017-09-06,968.32,971.84,960.6,967.8,2129861
2017-09-07,974.0,980.59,972.55,979.47,2566794
2017-09-08,979.1,979.88,963.47,965.9,2605322
2017-09-11,974.46,981.94,974.22,977.96,2186666
2017-09-12,983.27,984.67,975.52,982.58,2481066
2017-09-13,983.97,1000.0,979.42,999.6,3374650
2017-09-14,996.8,998.56,987.74,992.21,3913263
2017-09-15,993.01,996.25,984.03,986.79,3760183
