,Date,Open,High,Low,Close,Volume,movel_10,movel_26,MACD
0,2016-09-19,779.97,781.94,771.0,775.1,2297221,,,
1,2016-09-20,776.0,781.37,776.0,780.22,1937164,,,
2,2016-09-21,783.25,790.69,779.01,789.74,2718644,,,
3,2016-09-22,794.27,805.89,794.27,804.7,4078910,,,
4,2016-09-23,803.13,807.75,802.12,805.75,2353511,,,
5,2016-09-26,801.8,805.93,797.14,799.16,2651397,,,
6,2016-09-27,801.85,816.64,801.11,816.11,3819600,,,
7,2016-09-28,818.0,830.14,817.03,828.72,4422078,,,
8,2016-09-29,828.26,837.5,824.63,829.05,4922248,,,
9,2016-09-30,832.61,839.95,832.4,837.31,4430566,806.586,,
10,2016-10-03,836.0,839.86,831.25,836.74,2769448,812.75,,
11,2016-10-04,840.91,842.36,830.26,834.03,2950314,818.1310000000001,,
12,2016-10-05,838.0,845.67,836.12,844.36,3469055,823.5930000000001,,
13,2016-10-06,843.7,847.21,840.6,841.66,2684013,827.289,,
14,2016-10-07,845.79,845.95,837.45,839.43,2426228,830.6569999999999,,
15,2016-10-10,843.25,845.2,840.27,841.71,1827143,834.9119999999999,,
16,2016-10-11,841.02,841.29,828.35,831.0,3588180,836.4009999999998,,
17,2016-10-12,834.0,837.67,830.1,834.09,2380416,836.9379999999999,,
18,2016-10-13,829.0,831.8,821.21,829.28,3091387,836.961,,
19,2016-10-14,835.08,835.74,822.96,822.96,2999814,835.5260000000001,,
20,2016-10-17,821.5,822.0,811.68,812.95,3361492,833.1470000000002,,
21,2016-10-18,822.11,823.26,815.02,817.65,2512504,831.509,,
22,2016-10-19,820.4,820.67,815.17,817.69,2090706,828.842,,
23,2016-10-20,813.99,815.71,803.1,810.32,3151954,825.708,,
24,2016-10-21,809.36,819.42,809.0,818.99,2793015,823.664,,
25,2016-10-24,824.95,838.3,822.21,838.09,4060899,823.302,820.6465384615386,2.6554615384613953
26,2016-10-25,839.3,843.09,833.22,835.18,3248358,823.72,822.957307692308,0.7626923076920775
27,2016-10-26,832.76,833.44,820.0,822.59,3998102,822.57,824.5869230769233,-2.0169230769232627
28,2016-10-27,831.24,831.72,815.43,818.36,7406385,821.4780000000001,825.6876923076925,-4.209692307692421
29,2016-10-28,782.0,789.49,774.61,776.32,10841073,816.8140000000001,824.596153846154,-7.78215384615396
30,2016-10-31,781.03,793.7,780.11,789.82,5413326,814.5010000000001,823.9834615384617,-9.48246153846162
31,2016-11-01,799.0,800.84,776.71,785.41,5305428,811.2770000000003,823.4546153846155,-12.177615384615251
32,2016-11-02,783.93,784.75,763.55,765.56,5026504,806.0640000000001,821.5103846153847,-15.446384615384659
33,2016-11-03,765.05,777.0,764.0,767.03,3872496,801.7350000000002,819.1376923076924,-17.402692307692178
34,2016-11-04,762.79,766.0,753.23,755.05,5122103,795.3410000000001,816.2915384615385,-20.950538461538372
35,2016-11-07,771.64,787.73,770.94,784.93,5984354,790.0250000000002,814.2769230769231,-24.251923076922935
36,2016-11-08,784.97,791.74,779.1,787.75,3412629,785.2820000000002,812.3926923076923,-27.110692307692148
37,2016-11-09,764.0,777.5,760.09,771.88,8562892,780.211,810.0023076923078,-29.791307692307782
38,2016-11-10,778.81,778.83,717.7,742.38,12746994,772.613,806.08,-33.466999999999985
39,2016-11-11,735.73,743.26,728.9,739.01,6622784,768.882,802.131923076923,-33.249923076923096
40,2016-11-14,745.51,746.0,710.1,719.07,7321344,761.807,797.5026923076923,-35.6956923076923
41,2016-11-15,730.0,746.78,725.99,743.24,6755785,757.5899999999999,793.7153846153847,-36.125384615384746
42,2016-11-16,739.88,749.87,735.61,746.49,3648791,755.683,790.4650000000001,-34.78200000000015
43,2016-11-17,749.32,757.5,748.0,756.4,3651345,754.62,787.4769230769233,-32.856923076923295
44,2016-11-18,761.0,767.74,757.64,760.16,4373408,755.1310000000001,784.8184615384617,-29.687461538461662
45,2016-11-21,766.0,780.35,765.11,780.0,4614574,754.6380000000001,783.1661538461541,-28.52815384615394
46,2016-11-22,788.17,792.4,781.0,785.33,5311320,754.3960000000001,782.1038461538465,-27.70784615384639
47,2016-11-23,781.73,781.75,773.12,780.12,3540263,755.2200000000001,780.6603846153848,-25.440384615384687
48,2016-11-25,786.5,786.75,777.9,780.37,1837068,759.0190000000001,779.2250000000003,-20.20600000000013
49,2016-11-28,776.99,777.0,764.24,766.77,4438828,761.7950000000001,777.5500000000003,-15.755000000000223
50,2016-11-29,768.0,769.89,761.32,762.52,3272344,766.1400000000001,775.3780769230772,-9.238076923077074
51,2016-11-30,762.0,768.09,750.25,750.57,4625946,766.8730000000002,772.0119230769233,-5.138923076923106
52,2016-12-01,752.41,753.37,738.03,743.65,4665993,766.5890000000002,768.4915384615387,-1.9025384615384837
53,2016-12-02,743.4,748.49,736.7,740.34,3561307,764.9830000000002,765.3280769230771,-0.34507692307693105
54,2016-12-05,745.0,761.49,742.0,759.36,4314723,764.9030000000002,763.0588461538464,1.8441538461538585
55,2016-12-06,763.99,768.24,757.25,764.72,3794746,763.3750000000002,762.6126923076926,0.7623076923076724
56,2016-12-07,764.55,770.42,755.82,770.42,3684906,761.8840000000002,761.8665384615387,0.017461538461589043
57,2016-12-08,771.87,773.79,765.19,767.33,3189608,760.6050000000002,761.1711538461542,-0.5661538461539521
58,2016-12-09,770.0,770.25,765.34,768.66,2470923,759.4340000000003,761.2903846153848,-1.8563846153845134
59,2016-12-12,766.4,766.89,757.2,760.12,2963945,758.7690000000002,761.0246153846157,-2.255615384615453
60,2016-12-13,764.96,782.46,762.0,774.34,5285288,759.9510000000002,761.7665384615387,-1.8155384615384946
61,2016-12-14,778.25,780.86,762.81,768.82,5454836,761.7760000000002,761.1469230769234,0.6290769230768092
62,2016-12-15,766.28,769.1,760.31,761.0,3801927,763.5110000000002,760.1180769230772,3.3929230769230116
63,2016-12-16,765.0,765.13,754.0,757.77,4848219,765.2540000000002,759.5753846153849,5.678615384615341
64,2016-12-19,758.89,770.5,756.16,766.0,3113240,765.9180000000003,760.4838461538463,5.434153846154004
65,2016-12-20,768.65,774.39,767.71,771.22,2703629,766.5680000000003,761.7226923076926,4.845307692307756
66,2016-12-21,770.0,771.22,765.7,770.6,2044629,766.5860000000002,763.7046153846156,2.8813846153846043
67,2016-12-22,768.12,771.21,763.02,766.34,2543551,766.4870000000003,764.5930769230771,1.8939230769232154
68,2016-12-23,764.55,766.5,757.99,760.59,1981616,765.6800000000003,765.1353846153847,0.5446153846155539
69,2016-12-27,763.4,774.65,761.2,771.4,2638725,766.8080000000002,765.7123076923078,1.0956923076923886
70,2016-12-28,776.25,780.0,770.5,772.13,3301025,766.5870000000002,766.1726923076925,0.414307692307716
71,2016-12-29,772.4,773.4,760.85,765.15,3158299,766.2200000000003,765.6015384615387,0.6184615384615881
72,2016-12-30,766.47,767.4,748.28,749.87,4139449,765.1070000000003,764.2376923076924,0.8693076923078706
73,2017-01-03,757.92,758.76,747.7,753.67,3521066,764.6970000000003,763.2203846153848,1.4766153846155703
74,2017-01-04,758.39,759.68,754.2,757.18,2510526,763.8150000000003,762.3284615384617,1.4865384615385437
75,2017-01-05,761.55,782.4,760.26,780.45,5830068,764.7380000000004,762.8546153846156,1.8833846153847844
76,2017-01-06,782.36,799.44,778.48,795.99,5986234,767.2770000000004,764.1419230769233,3.135076923077122
77,2017-01-09,798.0,801.77,791.77,796.92,3446109,770.3350000000004,765.9246153846155,4.410384615384828
78,2017-01-10,796.6,798.0,789.54,795.9,2558369,773.8660000000003,767.9342307692309,5.931769230769419
79,2017-01-11,793.66,799.5,789.51,799.02,2992791,776.6280000000004,770.1911538461541,6.436846153846318
80,2017-01-12,800.31,814.13,799.5,813.64,4873922,780.7790000000003,772.2788461538463,8.500153846154035
81,2017-01-13,814.32,821.65,811.4,817.14,3791945,785.9780000000004,774.2950000000001,11.683000000000334
82,2017-01-17,815.7,816.0,803.44,809.72,3670529,791.9630000000004,775.8065384615386,16.156461538461826
83,2017-01-18,809.5,811.73,804.27,807.48,2354201,797.3440000000004,777.3507692307693,19.993230769231104
84,2017-01-19,810.0,813.51,807.32,809.04,2540784,802.5300000000003,778.9038461538463,23.62615384615401
85,2017-01-20,815.28,816.02,806.26,808.33,3376196,805.3180000000003,780.7580769230772,24.559923076923155
86,2017-01-23,806.8,818.5,805.08,817.88,2797474,807.5070000000003,782.4326923076926,25.074307692307684
87,2017-01-24,822.0,823.99,814.5,822.44,2971740,810.0590000000004,784.4950000000002,25.564000000000192
88,2017-01-25,825.79,837.42,825.29,836.52,4023078,814.1210000000004,787.3996153846157,26.72138461538475
89,2017-01-26,835.53,843.84,833.0,839.15,3586323,818.1340000000004,790.5296153846157,27.604384615384674
90,2017-01-27,839.0,839.7,829.44,835.77,2998700,820.3470000000004,793.2130769230772,27.133923076923224
91,2017-01-30,833.0,833.5,816.38,830.38,3747336,821.6710000000005,795.4884615384618,26.182538461538684
92,2017-01-31,823.75,826.99,819.56,823.48,3137196,823.0470000000005,797.522307692308,25.524692307692476
93,2017-02-01,829.21,833.78,824.94,832.35,3850181,825.5340000000006,800.0611538461542,25.472846153846376
94,2017-02-02,836.59,842.49,828.26,839.95,7350492,828.6250000000007,803.1134615384618,25.511538461538862
95,2017-02-03,806.72,818.3,804.0,810.2,10868773,828.8120000000008,804.6057692307695,24.206230769231297
96,2017-02-06,809.8,810.72,803.0,807.64,3897301,827.7880000000008,805.9715384615387,21.816461538462136
97,2017-02-07,809.31,816.16,807.5,812.5,3466091,826.7940000000008,807.7926923076925,19.001307692308274
98,2017-02-08,812.69,821.48,812.5,819.71,2857985,825.1130000000009,810.4788461538463,14.634153846154504
99,2017-02-09,821.6,825.0,819.71,821.36,2484948,823.334000000001,813.082307692308,10.25169230769302
100,2017-02-10,823.82,828.0,822.85,827.46,2429609,822.503000000001,815.7853846153848,6.717615384616124
101,2017-02-13,831.62,843.0,828.55,836.53,4172618,823.1180000000011,817.9423076923078,5.175692307693225
102,2017-02-14,837.0,838.31,831.45,836.39,2792442,824.4090000000011,819.4961538461539,4.912846153847227
103,2017-02-15,834.0,842.81,832.82,842.7,2968853,825.4440000000011,821.2569230769233,4.187076923077825
104,2017-02-16,841.84,845.0,839.38,844.14,2714667,825.863000000001,823.1123076923078,2.750692307693157
105,2017-02-17,842.0,847.27,840.73,845.07,3112275,829.3500000000009,824.8834615384616,4.466538461539358
106,2017-02-21,848.84,857.98,847.25,856.44,3507742,834.230000000001,826.5296153846155,7.7003846153855875
107,2017-02-22,856.95,858.43,852.18,855.61,2616971,838.5410000000011,828.0092307692308,10.531769230770237
108,2017-02-23,857.57,860.86,848.0,852.19,3461984,841.789000000001,829.6426923076923,12.14630769230871
109,2017-02-24,844.69,845.81,837.75,845.24,3687963,844.1770000000009,831.095,13.082000000000903
110,2017-02-27,842.38,852.5,839.67,848.64,2713627,846.2950000000008,832.618076923077,13.6769230769238
111,2017-02-28,851.45,854.09,842.05,845.04,2793709,847.1460000000009,834.03,13.116000000000895
112,2017-03-01,853.05,854.83,849.01,853.08,2760083,848.8150000000009,835.3838461538461,13.431153846154757
113,2017-03-02,853.08,854.82,847.28,848.91,2132098,849.4360000000008,836.4019230769231,13.034076923077691
114,2017-03-03,847.2,851.98,846.27,849.88,1951575,850.0100000000008,836.9157692307692,13.094230769231558
115,2017-03-06,845.23,848.49,841.12,846.61,2610370,850.1640000000009,837.2026923076924,12.961307692308537
116,2017-03-07,845.48,848.46,843.75,846.02,2247554,849.1220000000009,837.5969230769231,11.52507692307779
117,2017-03-08,848.0,853.07,846.79,850.5,2288317,848.6110000000008,838.3707692307692,10.24023076923163
118,2017-03-09,851.0,856.4,850.31,853.0,2048187,848.6920000000007,839.5061538461539,9.185846153846796
119,2017-03-10,857.0,857.35,851.72,852.46,2436434,849.4140000000009,840.2796153846155,9.134384615385443
120,2017-03-13,851.77,855.69,851.71,854.59,1909672,850.0090000000009,840.8426923076923,9.166307692308578
121,2017-03-14,853.55,853.75,847.55,852.53,2130586,850.758000000001,842.4707692307692,8.287230769231769
122,2017-03-15,854.33,854.45,847.11,852.97,2562176,850.7470000000009,844.2142307692308,6.5327692307701
123,2017-03-16,855.3,855.5,850.51,853.42,1842296,851.1980000000009,845.7880769230768,5.409923076924088
124,2017-03-17,853.49,853.83,850.64,852.31,3384403,851.4410000000009,847.0419230769231,4.399076923077814
125,2017-03-20,851.51,857.8,851.01,856.97,2282727,852.4770000000008,848.4115384615385,4.065461538462273
126,2017-03-21,858.84,862.8,841.31,843.2,4382852,852.1950000000008,849.0169230769231,3.178076923077697
127,2017-03-22,840.43,849.37,839.05,848.06,2658669,851.9510000000007,849.4603846153848,2.4906153846159214
128,2017-03-23,848.2,850.89,844.8,847.38,1952964,851.3890000000007,849.8830769230772,1.5059230769235228
129,2017-03-24,851.68,851.8,843.53,845.61,2138269,850.7040000000009,849.9950000000002,0.7090000000006285
130,2017-03-27,838.07,850.3,833.5,846.82,2755775,849.9270000000008,850.0980769230772,-0.17107692307638445
131,2017-03-28,851.75,858.46,850.1,856.0,3041633,850.2740000000007,850.5184615384618,-0.24446153846110974
132,2017-03-29,859.05,876.44,859.02,874.32,4485770,852.4090000000008,851.2061538461542,1.2028461538466217
133,2017-03-30,874.95,877.06,871.66,876.34,2762730,854.7010000000007,852.0034615384618,2.6975384615388975
134,2017-03-31,877.0,890.35,876.65,886.54,3957612,858.1240000000007,853.3246153846158,4.799384615384952
135,2017-04-03,888.0,893.49,885.42,891.51,3422328,861.5780000000008,855.104230769231,6.47376923076979
136,2017-04-04,891.5,908.54,890.28,906.83,4984656,867.9410000000007,857.342307692308,10.598692307692659
137,2017-04-05,910.82,923.72,905.62,909.28,7508370,874.0630000000008,859.8130769230772,14.249923076923551
138,2017-04-06,913.8,917.19,894.49,898.28,6344065,879.1530000000009,861.5515384615386,17.60146153846233
139,2017-04-07,899.65,900.09,889.31,894.88,3710922,884.0800000000008,863.3196153846155,20.760384615385306
140,2017-04-10,899.63,908.51,899.0,907.04,3184301,890.1020000000008,865.5180769230772,24.58392307692361
141,2017-04-11,907.04,911.24,897.5,902.36,3012743,894.7380000000009,867.6623076923079,27.075692307692975
142,2017-04-12,903.09,904.09,895.25,896.23,2456140,896.9290000000008,869.5934615384617,27.335538461539045
143,2017-04-13,891.45,894.97,884.49,884.67,3174583,897.7620000000009,870.9076923076924,26.854307692308453
144,2017-04-17,887.5,902.38,887.5,901.99,2854673,899.3070000000007,872.7919230769232,26.51507692307746
145,2017-04-18,900.99,909.61,900.78,903.78,2999238,900.5340000000008,874.7657692307694,25.768230769231423
146,2017-04-19,907.84,910.5,897.37,899.2,2870242,899.7710000000009,876.4815384615387,23.289461538462206
147,2017-04-20,899.7,905.32,896.29,902.06,2814441,899.0490000000007,878.3865384615387,20.662461538461912
148,2017-04-21,902.67,903.65,896.77,898.53,2420494,899.0740000000008,880.1388461538463,18.935153846154435
149,2017-04-24,908.68,909.99,903.82,907.41,3122893,900.3270000000008,882.2153846153849,18.111615384615902
150,2017-04-25,907.04,909.48,903.0,907.62,3380639,900.3850000000009,884.3426923076925,16.04230769230844
151,2017-04-26,910.3,915.75,907.56,909.29,2608948,901.078000000001,886.3550000000001,14.723000000000866
152,2017-04-27,914.39,921.86,912.11,918.38,5305543,903.2930000000009,889.2465384615386,14.046461538462268
153,2017-04-28,948.83,949.59,924.33,924.99,7364681,907.325000000001,892.2053846153848,15.119615384616168
154,2017-05-01,927.8,954.4,927.8,948.23,5466544,911.9490000000009,896.0842307692309,15.86476923076998
155,2017-05-02,946.64,950.1,941.41,946.94,3848835,916.2650000000009,899.9815384615384,16.28346153846246
156,2017-05-03,946.0,946.0,935.9,941.03,3582686,920.4480000000009,903.605,16.84300000000087
157,2017-05-04,944.75,945.0,934.22,937.53,2418381,923.995000000001,906.7407692307692,17.254230769231867
158,2017-05-05,940.52,940.79,930.3,934.15,2866397,927.5570000000009,909.0419230769231,18.5150769230778
159,2017-05-08,940.95,949.05,939.21,949.04,3415731,931.7200000000008,911.838076923077,19.88192307692384
160,2017-05-09,952.8,957.89,950.2,952.82,3262113,936.2400000000007,914.3873076923077,21.85269230769302
161,2017-05-10,953.5,953.75,945.0,948.95,2096512,940.2060000000008,916.5965384615386,23.609461538462256
162,2017-05-11,945.11,950.29,940.78,947.62,2194070,943.130000000001,918.1653846153846,24.964615384616422
163,2017-05-12,954.5,962.79,951.53,961.35,3625857,946.7660000000011,920.1680769230769,26.59792307692419
164,2017-05-15,958.73,963.15,956.06,957.97,4270625,947.740000000001,922.4638461538462,25.276153846154784
165,2017-05-16,961.0,970.06,960.91,966.07,3126051,949.6530000000009,925.2019230769231,24.451076923077835
166,2017-05-17,954.7,960.4,944.12,944.76,5145578,950.026000000001,926.6526923076922,23.3733076923088
167,2017-05-18,944.8,962.75,944.76,958.49,3939347,952.1220000000009,928.8115384615384,23.310461538462505
168,2017-05-19,962.84,968.92,959.72,959.84,3972089,954.6910000000009,931.2580769230769,23.432923076924
169,2017-05-22,964.0,971.38,962.9,970.67,2642217,956.8540000000008,934.5657692307692,22.28823076923163
170,2017-05-23,975.02,975.2,966.85,971.54,2415594,958.7260000000009,937.2407692307692,21.485230769231748
171,2017-05-24,976.0,981.0,970.23,980.35,2463052,961.8660000000009,940.1857692307692,21.680230769231684
172,2017-05-25,984.85,999.0,982.11,993.38,4822032,966.4420000000007,943.8080769230769,22.633923076923793
173,2017-05-26,995.0,998.65,989.25,995.78,3469154,969.8850000000008,947.4126923076922,22.47230769230862
174,2017-05-30,996.51,1001.2,995.52,996.7,3263069,973.758000000001,951.1884615384614,22.569538461539537
175,2017-05-31,1000.0,1000.12,982.16,994.62,3913115,976.613000000001,954.5426923076922,22.070307692308802
176,2017-06-01,998.59,998.99,991.37,995.95,2454841,981.7320000000011,957.9399999999999,23.792000000001167
177,2017-06-02,998.99,1008.48,995.67,1006.73,3752328,986.5560000000011,961.6876923076923,24.868307692308804
178,2017-06-05,1007.23,1013.21,1003.51,1011.34,2719859,991.706000000001,965.2630769230768,26.442923076924217
179,2017-06-06,1012.0,1016.5,1001.25,1003.0,3346432,994.939000000001,968.2634615384613,26.675538461539645
180,2017-06-07,1005.95,1010.25,1002.0,1010.07,2823041,998.7920000000009,970.6419230769229,28.150076923078018
181,2017-06-08,1012.06,1013.61,1006.11,1010.27,2767857,1001.7840000000009,973.0776923076921,28.70630769230877
182,2017-06-09,1012.5,1012.99,927.0,978.31,7647692,1000.277000000001,974.5115384615384,25.765461538462546
183,2017-06-12,967.0,975.95,945.0,964.91,9447233,997.1900000000009,975.5646153846154,21.62538461538543
184,2017-06-13,977.99,984.5,966.1,980.79,4580011,995.5990000000008,977.3584615384615,18.24053846153936
185,2017-06-14,988.59,990.34,966.71,976.47,3974900,993.7840000000008,978.4134615384615,15.37053846153924
186,2017-06-15,958.7,965.73,950.86,964.17,5373865,990.6060000000007,978.8499999999999,11.756000000000768
187,2017-06-16,996.0,999.75,982.0,987.71,11472662,988.7040000000009,980.3407692307691,8.36323076923179
188,2017-06-19,1017.0,1017.0,989.9,995.17,5043408,987.0870000000008,982.1696153846152,4.917384615385572
189,2017-06-20,998.0,1004.88,992.02,992.59,4076828,986.0460000000008,983.3711538461538,2.6748461538470565
190,2017-06-21,998.7,1002.72,992.65,1002.23,2922473,985.2620000000009,985.0734615384614,0.18853846153945142
191,2017-06-22,1002.23,1006.96,997.2,1001.3,2253433,984.3650000000007,986.4284615384614,-2.0634615384607287
192,2017-06-23,1002.54,1004.62,998.02,1003.74,2879145,986.9080000000007,988.696923076923,-1.7889230769222877
193,2017-06-26,1008.5,1009.8,992.0,993.98,3386157,989.8150000000007,990.061923076923,-0.24692307692225768
194,2017-06-27,990.69,998.8,976.0,976.78,3782389,989.4140000000007,990.7134615384614,-1.2994615384607187
195,2017-06-28,978.55,990.68,969.21,990.33,3737567,990.8000000000008,991.4696153846154,-0.6696153846146444
196,2017-06-29,979.0,987.56,965.25,975.93,4302968,991.9760000000008,991.6384615384615,0.33753846153933864
197,2017-06-30,980.12,983.47,967.61,968.0,3390345,990.0050000000007,991.1634615384615,-1.1584615384608696
198,2017-07-03,972.79,974.49,951.0,953.66,2909108,985.8540000000006,989.6357692307691,-3.781769230768532
199,2017-07-05,961.53,975.0,955.25,971.4,3652955,983.7350000000006,988.698076923077,-4.9630769230764145
200,2017-07-06,964.66,974.4,959.02,965.14,3259613,980.0260000000005,987.4842307692307,-7.4582307692302265
201,2017-07-07,969.55,980.11,969.14,978.76,2643387,977.7720000000006,986.8742307692307,-9.102230769230118
202,2017-07-10,985.0,999.44,983.5,996.47,3546268,977.0450000000006,986.8942307692307,-9.849230769230076
203,2017-07-11,993.0,995.99,983.72,994.13,2982726,977.0600000000006,986.4096153846154,-9.349615384614822
204,2017-07-12,1000.65,1008.55,998.1,1006.51,3608574,980.0330000000006,986.2238461538461,-6.190846153845541
205,2017-07-13,1004.62,1006.88,995.9,1000.63,2880769,981.0630000000004,986.1326923076923,-5.0696923076918665
206,2017-07-14,1002.4,1004.45,996.89,1001.81,2102469,983.6510000000004,985.815,-2.163999999999646
207,2017-07-17,1004.69,1014.75,1003.81,1010.04,3712587,987.8550000000002,985.806153846154,2.0488461538462843
208,2017-07-18,1006.0,1026.03,1004.0,1024.45,4007624,994.9340000000004,987.5807692307693,7.353230769231118
209,2017-07-19,1025.0,1031.59,1022.5,1026.87,2963964,1000.4810000000003,989.9638461538462,10.517153846154088
210,2017-07-20,1031.59,1034.97,1022.52,1028.7,3097487,1006.8370000000004,991.8065384615385,15.030461538461964
211,2017-07-21,1021.28,1026.1,1011.0,1025.67,2734577,1011.5280000000005,993.698846153846,17.82915384615444
212,2017-07-24,1028.34,1043.01,1027.43,1038.95,3288020,1015.7760000000005,996.575,19.201000000000477
213,2017-07-25,1038.05,1043.33,1032.48,1039.87,2447629,1020.3500000000006,998.5811538461538,21.768846153846766
214,2017-07-26,1043.2,1053.2,1043.2,1052.8,2921253,1024.9790000000005,1000.7976923076924,24.18130769230811
215,2017-07-27,1069.55,1083.31,1040.18,1046.0,10991715,1029.5160000000005,1002.8519230769232,26.664076923077346
216,2017-07-28,1012.14,1032.85,1001.0,1020.04,7709420,1031.3390000000004,1003.5369230769231,27.802076923077266
217,2017-07-31,1019.05,1019.05,987.02,987.78,7352063,1029.1130000000005,1003.0169230769231,26.096076923077362
218,2017-08-01,996.11,1006.4,991.58,996.19,4572576,1026.2870000000005,1002.7265384615384,23.56046153846205
219,2017-08-02,1001.77,1003.21,981.73,995.89,4069993,1023.1890000000003,1002.8,20.38900000000035
220,2017-08-03,999.47,999.5,984.59,986.92,3255764,1019.0110000000002,1003.1899999999999,15.821000000000254
221,2017-08-04,989.68,991.67,982.0,987.58,2730308,1015.2020000000002,1003.0842307692308,12.117769230769454
222,2017-08-07,990.65,995.0,987.14,992.27,2676607,1010.5340000000002,1003.7126923076922,6.8213076923079825
223,2017-08-08,994.35,996.28,985.79,989.84,2902815,1005.5310000000002,1004.5526923076923,0.9783076923079079
224,2017-08-09,982.6,988.0,975.27,982.01,3569731,998.4520000000002,1005.6430769230768,-7.191076923076594
225,2017-08-10,976.3,979.86,954.68,956.92,5684068,989.5440000000002,1005.0861538461536,-15.542153846153383
226,2017-08-11,960.0,970.39,951.38,967.99,3468017,984.3390000000003,1005.1957692307691,-20.856769230768805
227,2017-08-14,978.41,985.5,976.19,983.3,3172892,983.8910000000002,1005.3703846153845,-21.479384615384333
228,2017-08-15,988.9,991.74,982.0,982.74,2549295,982.546,1004.8423076923076,-22.29630769230755
229,2017-08-16,981.65,986.46,973.22,978.18,3132066,980.7750000000002,1004.228846153846,-23.453846153845802
230,2017-08-17,977.84,977.84,960.32,960.57,3512397,978.1400000000001,1002.461923076923,-24.32192307692287
231,2017-08-18,961.4,965.43,954.65,958.47,3284821,975.229,1000.8403846153846,-25.61138461538451
232,2017-08-21,957.57,961.2,945.46,953.29,3164483,971.3310000000001,998.9742307692306,-27.643230769230513
233,2017-08-22,955.52,967.93,955.5,966.9,2749970,969.037,997.3149999999999,-28.277999999999906
234,2017-08-23,959.38,962.0,954.2,958.0,2668264,966.6360000000001,994.7592307692307,-28.123230769230645
235,2017-08-24,957.42,959.0,941.14,952.45,5195726,966.1890000000001,991.896923076923,-25.707923076922953
236,2017-08-25,956.0,957.62,944.1,945.26,3324791,963.9160000000002,988.6876923076923,-24.771692307692092
237,2017-08-28,946.54,953.0,942.25,946.02,2596737,960.1880000000003,985.6242307692306,-25.436230769230292
238,2017-08-29,940.0,956.0,936.33,954.06,2874299,957.3200000000003,982.3592307692306,-25.039230769230358
239,2017-08-30,958.44,969.41,956.91,967.59,2904604,956.2610000000002,979.5792307692307,-23.318230769230468
240,2017-08-31,974.7,981.0,972.76,980.6,3331488,958.2640000000004,976.8023076923075,-18.53830769230717
241,2017-09-01,984.2,984.5,976.88,978.25,2535917,960.2420000000004,974.1965384615384,-13.954538461537936
242,2017-09-05,975.4,976.77,960.37,965.27,2998649,961.4400000000005,972.0899999999999,-10.649999999999409
243,2017-09-06,968.32,971.84,960.6,967.8,2129861,961.5300000000004,971.3215384615384,-9.791538461537925
244,2017-09-07,974.0,980.59,972.55,979.47,2566794,963.6770000000004,970.6784615384615,-7.001461538461172
245,2017-09-08,979.1,979.88,963.47,965.9,2605322,965.0220000000003,969.5250000000001,-4.502999999999815
246,2017-09-11,974.46,981.94,974.22,977.96,2186666,968.2920000000004,969.1803846153847,-0.8883846153843251
247,2017-09-12,983.27,984.67,975.52,982.58,2481066,971.9480000000003,968.988076923077,2.95992307692336
248,2017-09-13,983.97,1000.0,979.42,999.6,3374650,976.5020000000004,969.27,7.232000000000426
249,2017-09-14,996.8,998.56,987.74,992.21,3913263,978.9640000000003,969.3611538461538,9.602846153846485
250,2017-09-15,993.01,996.25,984.03,986.79,3760183,979.5830000000003,969.5450000000001,10.038000000000238
