,Date,Open,High,Low,Close,Volume,movel_10,movel_26,MACD
0,2016-09-19,30.85,31.25,30.82,31.02,16833453,,,
1,2016-09-20,31.08,31.22,31.04,31.1,15878912,,,
2,2016-09-21,31.11,31.38,30.97,31.36,21169350,,,
3,2016-09-22,31.5,31.8,31.49,31.66,20261859,,,
4,2016-09-23,31.71,31.8,31.31,31.34,20442199,,,
5,2016-09-26,31.1,31.16,30.79,31.07,20361549,,,
6,2016-09-27,31.09,31.61,30.96,31.48,18045376,,,
7,2016-09-28,31.44,31.59,31.36,31.5,15840958,,,
8,2016-09-29,31.51,31.57,31.25,31.39,15417082,,,
9,2016-09-30,31.61,31.8,31.56,31.72,30380612,31.363999999999997,,
10,2016-10-03,31.31,31.58,31.2,31.5,14070450,31.412,,
11,2016-10-04,31.46,31.63,31.15,31.35,18460433,31.437,,
12,2016-10-05,31.41,31.68,31.41,31.59,11808636,31.459999999999997,,
13,2016-10-06,31.57,31.63,31.21,31.48,14077118,31.441999999999997,,
14,2016-10-07,31.48,31.6,31.23,31.47,13073224,31.455000000000002,,
15,2016-10-10,31.54,31.68,31.44,31.47,12759374,31.494999999999997,,
16,2016-10-11,31.52,31.53,30.85,31.04,19412018,31.451,,
17,2016-10-12,30.53,30.63,29.94,30.34,36899871,31.334999999999997,,
18,2016-10-13,30.09,30.25,29.86,30.17,24286555,31.213,,
19,2016-10-14,30.35,30.55,30.16,30.18,20545127,31.059000000000005,,
20,2016-10-17,30.13,30.42,30.1,30.22,13957529,30.931000000000004,,
21,2016-10-18,30.69,30.69,30.43,30.44,14444850,30.840000000000003,,
22,2016-10-19,30.44,30.45,30.19,30.35,14830895,30.716000000000008,,
23,2016-10-20,30.28,30.37,30.04,30.16,17315335,30.58400000000001,,
24,2016-10-21,30.01,30.2,29.92,30.15,15140452,30.45200000000001,,
25,2016-10-24,30.34,30.5,30.3,30.46,14115340,30.35100000000001,31.000384615384615,-0.649384615384605
26,2016-10-25,30.5,30.51,30.23,30.34,15257768,30.281000000000006,30.974230769230772,-0.693230769230766
27,2016-10-26,30.59,30.86,30.32,30.55,18008646,30.30200000000001,30.95307692307692,-0.6510769230769107
28,2016-10-27,30.6,30.67,30.36,30.38,16926192,30.323000000000008,30.915384615384614,-0.5923846153846064
29,2016-10-28,30.36,30.8,30.35,30.59,19946832,30.364000000000004,30.87423076923077,-0.5102307692307662
30,2016-10-31,30.34,30.77,30.32,30.68,23225406,30.410000000000004,30.84884615384615,-0.43884615384614634
31,2016-11-01,30.85,30.86,30.23,30.48,17542055,30.414000000000005,30.826153846153844,-0.41215384615383854
32,2016-11-02,30.43,30.68,30.23,30.39,19173984,30.418,30.784230769230764,-0.36623076923076425
33,2016-11-03,30.5,30.56,30.24,30.32,15937140,30.433999999999997,30.73884615384615,-0.3048461538461531
34,2016-11-04,29.98,30.5,29.63,30.19,18524002,30.438,30.692692307692308,-0.2546923076923093
35,2016-11-07,30.71,31.06,30.61,30.94,23061116,30.486,30.662692307692307,-0.17669230769230637
36,2016-11-08,30.94,31.2,30.72,31.0,19399814,30.552000000000003,30.64346153846154,-0.09146153846153737
37,2016-11-09,31.04,31.49,30.7,31.36,38564143,30.633000000000003,30.643846153846155,-0.010846153846152617
38,2016-11-10,31.41,31.76,30.81,31.0,38345220,30.695000000000004,30.621153846153845,0.07384615384615856
39,2016-11-11,30.93,31.47,30.92,31.36,23150319,30.77200000000001,30.61653846153846,0.1554615384615481
40,2016-11-14,31.43,31.67,31.35,31.37,22917565,30.841000000000008,30.612692307692306,0.22830769230770187
41,2016-11-15,31.27,31.85,31.27,31.7,24160155,30.963000000000005,30.62153846153846,0.3414615384615445
42,2016-11-16,31.62,31.89,31.51,31.57,27097140,31.081000000000007,30.641923076923078,0.4390769230769287
43,2016-11-17,29.91,30.05,29.61,30.05,75252307,31.05400000000001,30.63076923076923,0.4232307692307806
44,2016-11-18,30.11,30.36,30.0,30.18,38748563,31.053000000000008,30.631153846153843,0.42184615384616464
45,2016-11-21,30.3,30.33,30.01,30.05,27481710,30.96400000000001,30.626153846153844,0.337846153846165
46,2016-11-22,30.08,30.19,29.85,29.89,26769272,30.85300000000001,30.613461538461536,0.2395384615384728
47,2016-11-23,29.83,29.95,29.56,29.71,24496763,30.688000000000006,30.585384615384612,0.10261538461539388
48,2016-11-25,29.6,30.14,29.55,30.09,17678862,30.597,30.575384615384614,0.021615384615387256
49,2016-11-28,30.08,30.09,29.82,29.92,21468918,30.453000000000003,30.566153846153842,-0.11315384615383905
50,2016-11-29,29.94,30.1,29.79,29.83,23553735,30.299,30.553846153846152,-0.2548461538461524
51,2016-11-30,29.76,29.95,29.68,29.82,26224892,30.111,30.529230769230768,-0.4182307692307674
52,2016-12-01,29.84,29.85,29.4,29.45,25996185,29.899,30.495,-0.5960000000000001
53,2016-12-02,29.31,29.56,29.12,29.25,27069499,29.819,30.445,-0.6260000000000012
54,2016-12-05,29.33,29.6,29.29,29.53,20865842,29.754,30.412307692307692,-0.6583076923076909
55,2016-12-06,29.42,29.59,29.24,29.33,27352068,29.682,30.363846153846154,-0.6818461538461555
56,2016-12-07,29.48,30.04,29.32,29.95,30180093,29.688,30.335769230769237,-0.6477692307692386
57,2016-12-08,30.11,30.33,29.92,29.95,21369897,29.712,30.315384615384623,-0.6033846153846234
58,2016-12-09,29.98,30.07,29.73,30.06,21361984,29.709000000000003,30.30269230769231,-0.593692307692308
59,2016-12-12,30.08,30.2,30.02,30.17,17287809,29.734,30.29692307692308,-0.5629230769230773
60,2016-12-13,30.3,30.64,30.2,30.59,25052903,29.810000000000002,30.31230769230769,-0.5023076923076886
61,2016-12-14,30.6,31.06,30.41,30.46,27555980,29.874000000000002,30.293846153846154,-0.41984615384615154
62,2016-12-15,30.59,30.8,30.5,30.63,20914063,29.992,30.279615384615383,-0.28761538461538194
63,2016-12-16,30.7,30.72,30.27,30.59,45875473,30.125999999999998,30.25,-0.12400000000000233
64,2016-12-19,30.65,30.87,30.54,30.75,18178470,30.248,30.240384615384617,0.007615384615384357
65,2016-12-20,30.83,30.87,30.46,30.56,17475171,30.371000000000002,30.209615384615383,0.16138461538461968
66,2016-12-21,30.69,30.69,30.41,30.42,14488949,30.418000000000006,30.17307692307692,0.24492307692308657
67,2016-12-22,30.4,30.48,30.25,30.46,12935767,30.469000000000005,30.12538461538461,0.34361538461539354
68,2016-12-23,30.54,30.6,30.4,30.53,9167598,30.516000000000002,30.08538461538461,0.4306153846153933
69,2016-12-27,30.64,30.82,30.6,30.68,14175488,30.567,30.109615384615378,0.4573846153846226
70,2016-12-28,30.7,30.77,30.35,30.42,12022231,30.550000000000004,30.118846153846146,0.4311538461538582
71,2016-12-29,30.37,30.55,30.33,30.46,10995584,30.550000000000004,30.13461538461538,0.41538461538462457
72,2016-12-30,30.56,30.6,30.13,30.22,20190029,30.509000000000004,30.147307692307688,0.36169230769231575
73,2017-01-03,30.37,30.56,30.21,30.54,22370578,30.50400000000001,30.179230769230763,0.32476923076924535
74,2017-01-04,30.24,30.42,30.02,30.1,22280992,30.43900000000001,30.179615384615378,0.25938461538463287
75,2017-01-05,30.1,30.36,30.07,30.17,18372532,30.400000000000013,30.189230769230765,0.21076923076924814
76,2017-01-06,30.17,30.35,30.03,30.23,15923243,30.38100000000001,30.204615384615376,0.17638461538463446
77,2017-01-09,30.22,30.33,30.08,30.18,17178503,30.353000000000016,30.21846153846153,0.1345384615384866
78,2017-01-10,30.19,30.55,30.1,30.38,21046041,30.33800000000001,30.254230769230755,0.08376923076925635
79,2017-01-11,30.33,30.41,30.03,30.15,22291322,30.285000000000007,30.28884615384614,-0.0038461538461334044
80,2017-01-12,30.15,30.16,29.8,30.04,18611107,30.247000000000007,30.308461538461525,-0.06146153846151847
81,2017-01-13,30.1,30.22,30.01,30.07,17136585,30.20800000000001,30.336923076923064,-0.12892307692305494
82,2017-01-17,30.0,30.25,29.84,29.99,21983537,30.185000000000013,30.338461538461523,-0.15346153846151012
83,2017-01-18,30.12,30.18,29.95,30.03,15724040,30.134000000000007,30.341538461538445,-0.20753846153843725
84,2017-01-19,30.01,30.19,29.92,29.98,16866005,30.122000000000007,30.338461538461523,-0.21646153846151606
85,2017-01-20,30.12,30.25,30.0,30.1,22754366,30.11500000000001,30.33576923076922,-0.22076923076921062
86,2017-01-23,30.14,30.3,30.08,30.27,17155297,30.119000000000007,30.323461538461522,-0.2044615384615156
87,2017-01-24,30.34,30.75,30.29,30.6,24934210,30.16100000000001,30.32884615384614,-0.16784615384613133
88,2017-01-25,31.04,31.05,30.65,30.7,25095890,30.193000000000005,30.33153846153845,-0.1385384615384453
89,2017-01-26,30.76,30.84,30.56,30.74,20116824,30.25200000000001,30.33730769230768,-0.08530769230766921
90,2017-01-27,30.76,30.98,30.63,30.98,18461937,30.34600000000001,30.346153846153832,-0.00015384615382174616
91,2017-01-30,30.94,31.0,30.63,30.83,15481798,30.422000000000008,30.356538461538452,0.06546153846155534
92,2017-01-31,30.68,30.89,30.58,30.72,16603050,30.495000000000005,30.368076923076917,0.12692307692308802
93,2017-02-01,30.85,30.85,30.42,30.5,19504565,30.54200000000001,30.369615384615376,0.17238461538463312
94,2017-02-02,30.69,31.26,30.52,31.18,27456740,30.662000000000006,30.394615384615374,0.267384615384632
95,2017-02-03,31.27,31.35,31.12,31.32,21288832,30.784000000000002,30.419230769230765,0.3647692307692374
96,2017-02-06,31.29,31.3,31.12,31.3,16774244,30.887000000000008,30.453076923076917,0.4339230769230902
97,2017-02-07,31.38,31.64,31.33,31.45,18420153,30.972,30.491153846153843,0.4808461538461586
98,2017-02-08,31.46,31.55,31.25,31.27,20434263,31.029000000000003,30.531538461538453,0.4974615384615504
99,2017-02-09,31.35,31.69,31.3,31.5,18706857,31.105,30.568461538461534,0.5365384615384663
100,2017-02-10,31.48,31.63,31.24,31.51,21557725,31.157999999999998,30.6226923076923,0.5353076923076969
101,2017-02-13,31.67,32.0,31.55,31.97,26518836,31.272,30.69192307692307,0.5800769230769269
102,2017-02-14,31.9,32.31,31.77,32.31,31463500,31.430999999999994,30.771923076923073,0.6590769230769205
103,2017-02-15,32.35,32.84,32.29,32.82,41169445,31.662999999999993,30.87346153846154,0.7895384615384522
104,2017-02-16,33.26,33.97,33.25,33.6,50143661,31.904999999999994,30.997307692307693,0.9076923076923009
105,2017-02-17,33.52,33.77,33.43,33.74,31841239,32.147,31.13538461538462,1.0116153846153786
106,2017-02-21,33.69,34.21,33.66,34.13,26992666,32.42999999999999,31.292692307692313,1.1373076923076795
107,2017-02-22,34.04,34.15,33.66,34.09,26632725,32.694,31.447307692307696,1.2466923076923067
108,2017-02-23,34.28,34.28,33.95,34.04,17450074,32.971000000000004,31.603076923076927,1.367923076923077
109,2017-02-24,33.98,34.32,33.8,34.32,21137311,33.253,31.76807692307693,1.4849230769230708
110,2017-02-27,34.21,34.32,34.12,34.26,15625416,33.528000000000006,31.932692307692314,1.595307692307692
111,2017-02-28,34.16,34.29,34.04,34.18,23093057,33.749,32.089615384615385,1.6593846153846172
112,2017-03-01,34.28,34.51,34.18,34.44,22754181,33.962,32.25,1.7120000000000033
113,2017-03-02,34.41,34.53,34.21,34.39,16137699,34.119,32.39576923076923,1.7232307692307671
114,2017-03-03,34.42,34.44,34.23,34.29,14206428,34.188,32.53384615384615,1.6541538461538536
115,2017-03-06,34.04,34.28,33.96,34.19,17605072,34.233,32.66653846153846,1.5664615384615388
116,2017-03-07,34.0,34.25,33.99,34.2,21033740,34.239999999999995,32.79038461538461,1.4496153846153845
117,2017-03-08,34.18,34.23,33.93,34.02,18686747,34.23299999999999,32.91307692307692,1.319923076923068
118,2017-03-09,34.04,34.11,33.87,34.07,17490190,34.23599999999999,33.04192307692308,1.1940769230769135
119,2017-03-10,34.24,34.3,34.08,34.26,19038351,34.22999999999999,33.18653846153846,1.0434615384615284
120,2017-03-13,34.22,34.33,34.0,34.1,16164809,34.21399999999999,33.298846153846156,0.9151538461538351
121,2017-03-14,33.94,34.14,33.84,34.12,14578391,34.20799999999999,33.40653846153846,0.8014615384615311
122,2017-03-15,34.07,34.35,34.05,34.24,14961684,34.187999999999995,33.519615384615385,0.6683846153846105
123,2017-03-16,34.25,34.48,34.1,34.23,14521636,34.172,33.62653846153846,0.545461538461538
124,2017-03-17,34.35,34.38,34.19,34.23,26787248,34.166,33.74038461538461,0.4256153846153836
125,2017-03-20,34.2,34.38,34.2,34.28,14974096,34.175,33.847307692307695,0.3276923076923026
126,2017-03-21,34.45,34.47,33.78,33.88,21405952,34.142999999999994,33.93846153846154,0.2045384615384549
127,2017-03-22,33.78,34.2,33.78,34.1,16646087,34.150999999999996,34.020384615384614,0.1306153846153819
128,2017-03-23,34.08,34.26,33.91,33.96,16709307,34.14,34.08384615384615,0.05615384615384755
129,2017-03-24,34.07,34.3,33.95,34.08,18125090,34.122,34.13230769230769,-0.01030769230769124
130,2017-03-27,33.82,34.03,33.75,33.99,17740630,34.111,34.14730769230769,-0.036307692307694595
131,2017-03-28,33.9,34.21,33.82,34.02,21179311,34.10099999999999,34.158076923076926,-0.05707692307693435
132,2017-03-29,34.0,34.05,33.65,33.74,16504103,34.050999999999995,34.143076923076926,-0.09207692307693094
133,2017-03-30,33.8,33.93,33.72,33.74,12801588,34.001999999999995,34.129615384615384,-0.1276153846153889
134,2017-03-31,33.72,33.88,33.66,33.8,14038491,33.95899999999999,34.120384615384616,-0.16138461538462678
135,2017-04-03,33.7,33.94,33.46,33.58,19367794,33.88899999999999,34.091923076923074,-0.20292307692308498
136,2017-04-04,33.25,33.42,32.93,33.41,18602627,33.841999999999985,34.059230769230766,-0.2172307692307811
137,2017-04-05,33.49,33.53,32.97,33.0,17572539,33.731999999999985,34.01384615384615,-0.2818461538461676
138,2017-04-06,33.0,33.28,32.89,33.08,15316812,33.643999999999984,33.96153846153846,-0.31753846153847576
139,2017-04-07,33.1,33.15,32.92,32.96,13942848,33.53199999999998,33.90653846153846,-0.3745384615384779
140,2017-04-10,32.96,33.22,32.87,33.01,14824148,33.43399999999998,33.85730769230769,-0.42330769230770926
141,2017-04-11,33.04,33.08,32.64,32.92,18945836,33.323999999999984,33.808461538461536,-0.48446153846155227
142,2017-04-12,32.86,32.96,32.5,32.62,25455074,33.21199999999998,33.747692307692304,-0.5356923076923223
143,2017-04-13,32.71,32.85,32.42,32.42,16234866,33.079999999999984,33.68615384615384,-0.6061538461538589
144,2017-04-17,32.48,32.67,32.45,32.61,11961203,32.960999999999984,33.629999999999995,-0.6690000000000111
145,2017-04-18,32.56,32.73,32.45,32.67,13349601,32.86999999999999,33.568846153846145,-0.698846153846155
146,2017-04-19,32.8,32.89,32.61,32.65,16373804,32.79399999999998,33.513076923076916,-0.7190769230769334
147,2017-04-20,32.79,32.95,32.72,32.83,11927466,32.77699999999998,33.46346153846153,-0.6864615384615504
148,2017-04-21,32.94,32.94,32.67,32.82,13877681,32.75099999999998,33.40884615384615,-0.6578461538461653
149,2017-04-24,33.24,33.36,33.13,33.28,15400452,32.78299999999999,33.372307692307686,-0.589307692307699
150,2017-04-25,33.39,33.52,33.35,33.42,15058776,32.82399999999999,33.34115384615384,-0.5171538461538461
151,2017-04-26,33.58,33.63,33.37,33.4,17949699,32.871999999999986,33.30730769230768,-0.4353076923076955
152,2017-04-27,34.01,34.11,33.62,33.75,26639030,32.984999999999985,33.302307692307686,-0.3173076923077005
153,2017-04-28,33.88,34.08,33.67,34.07,20461746,33.149999999999984,33.30115384615384,-0.15115384615385352
154,2017-05-01,34.11,34.14,33.81,33.97,13577289,33.28599999999998,33.301538461538456,-0.015538461538476156
155,2017-05-02,34.06,34.24,33.93,34.24,15983571,33.44299999999998,33.3076923076923,0.13530769230767703
156,2017-05-03,34.16,34.34,34.12,34.25,14432179,33.60299999999998,33.3176923076923,0.2853076923076827
157,2017-05-04,34.33,34.49,34.07,34.18,13638588,33.737999999999985,33.32384615384614,0.41415384615384454
158,2017-05-05,34.25,34.4,34.07,34.39,15091765,33.89499999999998,33.34884615384614,0.5461538461538424
159,2017-05-08,34.46,34.6,34.15,34.29,13232657,33.99599999999998,33.36999999999999,0.6259999999999906
160,2017-05-09,34.14,34.26,33.84,33.9,18855861,34.043999999999976,33.373846153846145,0.6701538461538306
161,2017-05-10,33.9,33.9,33.58,33.74,17481356,34.07799999999998,33.37999999999999,0.6979999999999933
162,2017-05-11,33.72,33.82,33.48,33.63,17515568,34.06599999999998,33.38846153846153,0.6775384615384539
163,2017-05-12,33.6,33.62,33.14,33.45,20194336,34.00399999999998,33.405769230769224,0.5982307692307529
164,2017-05-15,34.0,34.46,33.97,34.23,31531001,34.02999999999999,33.44999999999999,0.5799999999999983
165,2017-05-16,34.24,34.33,34.04,34.3,18950047,34.03599999999999,33.501538461538445,0.5344615384615423
166,2017-05-17,34.2,34.31,33.8,33.82,38787770,33.99299999999998,33.532692307692294,0.460307692307687
167,2017-05-18,31.1,31.51,30.37,31.38,85500515,33.71299999999998,33.47346153846153,0.23953846153845149
168,2017-05-19,31.74,31.78,31.02,31.21,39859249,33.39499999999998,33.41923076923076,-0.02423076923077616
169,2017-05-22,31.15,31.98,31.15,31.59,35085249,33.12499999999998,33.38730769230769,-0.2623076923077079
170,2017-05-23,31.83,31.87,31.52,31.76,29827507,32.91099999999998,33.35461538461538,-0.4436153846153985
171,2017-05-24,31.93,31.94,31.22,31.49,23517633,32.68599999999998,33.309230769230766,-0.623230769230787
172,2017-05-25,31.55,31.69,31.37,31.44,21586482,32.46699999999998,33.262692307692305,-0.7956923076923275
173,2017-05-26,31.51,31.59,31.36,31.5,16403052,32.27199999999998,33.21153846153846,-0.9395384615384827
174,2017-05-30,31.4,31.81,31.39,31.68,17108324,32.01699999999998,33.1676923076923,-1.1506923076923172
175,2017-05-31,31.78,31.89,31.46,31.53,30196715,31.73999999999998,33.100384615384606,-1.3603846153846249
176,2017-06-01,31.52,31.82,31.47,31.82,15525451,31.53999999999998,33.03884615384615,-1.49884615384617
177,2017-06-02,31.93,32.06,31.68,31.98,20085192,31.599999999999984,32.98423076923076,-1.3842307692307791
178,2017-06-05,32.05,32.05,31.57,31.76,15975981,31.654999999999983,32.9076923076923,-1.2526923076923175
179,2017-06-06,31.75,31.76,31.5,31.56,16186562,31.651999999999987,32.811153846153836,-1.159153846153849
180,2017-06-07,31.61,31.72,31.44,31.61,14948437,31.63699999999999,32.72038461538461,-1.0833846153846203
181,2017-06-08,31.53,31.81,31.52,31.61,21828614,31.64899999999999,32.61923076923076,-0.9702307692307706
182,2017-06-09,31.64,31.83,31.08,31.37,25376559,31.64199999999999,32.50846153846153,-0.8664615384615431
183,2017-06-12,31.34,31.64,31.15,31.25,25784435,31.61699999999999,32.395769230769226,-0.7787692307692353
184,2017-06-13,31.3,31.8,31.28,31.7,27781044,31.61899999999999,32.29230769230769,-0.6733076923076986
185,2017-06-14,31.87,31.97,31.33,31.6,24940406,31.625999999999987,32.18884615384615,-0.5628461538461629
186,2017-06-15,31.25,31.64,31.22,31.58,19327991,31.601999999999986,32.09961538461538,-0.497615384615397
187,2017-06-16,31.61,31.64,31.2,31.63,36367419,31.566999999999986,32.01846153846154,-0.451461538461551
188,2017-06-19,31.77,32.02,31.58,31.99,18459210,31.589999999999986,31.955384615384617,-0.36538461538463096
189,2017-06-20,31.94,32.16,31.84,31.85,18190130,31.61899999999999,31.893846153846155,-0.2748461538461662
190,2017-06-21,31.73,31.87,31.51,31.84,20386074,31.641999999999985,31.801923076923078,-0.15992307692309282
191,2017-06-22,31.91,32.0,31.7,31.85,19436616,31.665999999999986,31.707692307692312,-0.041692307692326125
192,2017-06-23,31.85,32.3,31.75,32.09,25792153,31.73799999999999,31.64115384615385,0.09684615384614048
193,2017-06-26,32.22,32.5,32.18,32.24,22174963,31.83699999999999,31.67423076923077,0.1627692307692179
194,2017-06-27,32.09,32.26,31.76,31.76,23224246,31.84299999999999,31.69538461538462,0.14761538461537071
195,2017-06-28,31.78,32.28,31.76,32.08,17732307,31.890999999999984,31.71423076923077,0.1767692307692137
196,2017-06-29,31.79,32.02,31.25,31.41,27664454,31.873999999999988,31.700769230769232,0.17323076923075575
197,2017-06-30,31.79,31.79,31.3,31.3,23604639,31.84099999999999,31.693461538461538,0.14753846153845274
198,2017-07-03,31.09,31.64,31.03,31.33,14112089,31.774999999999988,31.689230769230768,0.08576923076921972
199,2017-07-05,30.85,31.27,30.73,31.11,24270320,31.700999999999986,31.674230769230768,0.026769230769218666
200,2017-07-06,30.99,31.02,30.67,30.72,20789117,31.58899999999999,31.637307692307694,-0.048307692307702155
201,2017-07-07,30.76,31.07,30.75,30.9,15860596,31.49399999999999,31.613076923076925,-0.11907692307693551
202,2017-07-10,30.88,31.09,30.82,30.98,15528778,31.382999999999992,31.58076923076923,-0.19776923076923936
203,2017-07-11,31.05,31.12,30.86,31.09,12805956,31.26799999999999,31.546538461538464,-0.2785384615384743
204,2017-07-12,31.25,31.44,31.14,31.16,18586175,31.20799999999999,31.52346153846154,-0.31546153846154823
205,2017-07-13,31.26,31.28,31.08,31.27,15934187,31.126999999999992,31.512307692307694,-0.3853076923077019
206,2017-07-14,31.37,31.45,31.27,31.42,13573117,31.127999999999993,31.505,-0.377000000000006
207,2017-07-17,31.5,31.64,31.45,31.5,16427499,31.14799999999999,31.50076923076923,-0.3527692307692405
208,2017-07-18,31.41,31.51,31.17,31.51,15530723,31.16599999999999,31.506153846153843,-0.3401538461538536
209,2017-07-19,31.51,32.05,31.46,31.9,21567937,31.244999999999987,31.531153846153845,-0.28615384615385864
210,2017-07-20,31.91,32.05,31.76,31.86,16389480,31.35899999999999,31.53730769230769,-0.1783076923076976
211,2017-07-21,31.86,32.03,31.7,31.84,13973789,31.452999999999992,31.546538461538457,-0.0935384615384649
212,2017-07-24,31.86,31.92,31.66,31.86,15504103,31.54099999999999,31.55730769230769,-0.016307692307698574
213,2017-07-25,31.9,32.25,31.88,32.12,14989974,31.643999999999995,31.576153846153844,0.06784615384615122
214,2017-07-26,32.12,32.22,31.51,31.66,21941467,31.693999999999996,31.56346153846153,0.13053846153846393
215,2017-07-27,31.73,31.75,31.21,31.57,21437389,31.723999999999997,31.552692307692304,0.1713076923076926
216,2017-07-28,31.45,31.6,31.26,31.52,15770955,31.73399999999999,31.54038461538461,0.19361538461538075
217,2017-07-31,31.54,31.59,31.37,31.45,19256428,31.728999999999992,31.524999999999995,0.20399999999999707
218,2017-08-01,31.59,31.66,31.43,31.65,12962777,31.742999999999988,31.508076923076917,0.2349230769230708
219,2017-08-02,31.57,31.57,31.25,31.52,15845636,31.70499999999999,31.480384615384608,0.2246153846153831
220,2017-08-03,31.59,31.72,31.43,31.56,14420797,31.67499999999999,31.4726923076923,0.2023076923076914
221,2017-08-04,31.67,31.91,31.58,31.8,16929451,31.670999999999992,31.461923076923064,0.20907692307692827
222,2017-08-07,31.79,31.88,31.69,31.84,11877405,31.66899999999999,31.478461538461527,0.19053846153846266
223,2017-08-08,31.75,32.0,31.6,31.67,15375678,31.623999999999988,31.492692307692298,0.1313076923076899
224,2017-08-09,31.55,31.68,31.36,31.62,16131324,31.619999999999987,31.50384615384614,0.11615384615384627
225,2017-08-10,31.56,31.56,31.0,31.0,23517356,31.562999999999988,31.49961538461537,0.06338461538461715
226,2017-08-11,31.23,31.54,31.04,31.47,20756566,31.557999999999993,31.528461538461524,0.029538461538468397
227,2017-08-14,31.69,31.89,31.56,31.84,21761643,31.59699999999999,31.564615384615372,0.03238461538461834
228,2017-08-15,31.85,32.21,31.84,32.09,25251460,31.641,31.607307692307682,0.03369230769231635
229,2017-08-16,32.1,32.47,32.06,32.34,29051966,31.723000000000003,31.655384615384605,0.06761538461539729
230,2017-08-17,31.49,31.77,30.85,31.04,53288773,31.671000000000003,31.65076923076922,0.02023076923078193
231,2017-08-18,31.0,31.06,30.36,30.37,34802193,31.528000000000002,31.616153846153836,-0.08815384615383337
232,2017-08-21,30.37,30.8,30.36,30.68,24198403,31.412000000000006,31.587692307692297,-0.17569230769229094
233,2017-08-22,30.85,31.33,30.75,31.27,24747246,31.372000000000003,31.578846153846143,-0.2068461538461399
234,2017-08-23,31.21,31.4,30.91,30.92,22436582,31.302000000000003,31.556153846153833,-0.2541538461538302
235,2017-08-24,30.95,31.4,30.9,31.24,22576090,31.326000000000004,31.53076923076922,-0.20476923076921594
236,2017-08-25,31.39,31.8,31.36,31.44,19558253,31.323,31.514615384615375,-0.19161538461537475
237,2017-08-28,31.6,31.66,31.41,31.54,12958921,31.293000000000006,31.50307692307691,-0.21007692307690462
238,2017-08-29,31.26,31.63,31.19,31.48,16362658,31.232000000000006,31.48846153846153,-0.2564615384615223
239,2017-08-30,31.47,32.2,31.42,31.99,22988730,31.197000000000003,31.483461538461526,-0.28646153846152345
240,2017-08-31,32.1,32.34,31.99,32.21,27800153,31.314,31.504615384615377,-0.19061538461537708
241,2017-09-01,32.22,32.34,32.03,32.3,14686578,31.506999999999998,31.532692307692294,-0.025692307692295913
242,2017-09-05,32.15,32.24,31.46,31.62,32650934,31.601,31.53653846153845,0.06446153846155056
243,2017-09-06,31.75,31.91,31.63,31.87,16962308,31.661,31.552692307692293,0.10830769230770798
244,2017-09-07,31.96,31.97,31.74,31.76,14751706,31.744999999999997,31.556923076923063,0.18807692307693458
245,2017-09-08,31.68,31.78,31.46,31.48,15339455,31.769,31.555384615384604,0.21361538461539453
246,2017-09-11,31.71,32.3,31.67,32.19,22440819,31.844,31.579615384615373,0.2643846153846283
247,2017-09-12,32.3,32.47,32.19,32.41,18923132,31.931,31.603076923076912,0.32792307692308853
248,2017-09-13,32.34,32.39,31.96,32.18,22705140,32.001,31.616153846153832,0.3848461538461656
249,2017-09-14,31.91,32.22,31.91,32.19,18194803,32.021,31.63615384615383,0.38484615384616916
250,2017-09-15,32.2,32.5,32.12,32.44,29336087,32.044,31.667692307692292,0.3763076923077051
