,Date,Open,High,Low,Close,Volume,movel_10,movel_26,MACD
0,2016-09-19,37.69,38.02,37.09,37.16,30531708,,,
1,2016-09-20,37.42,37.43,36.94,37.14,24796900,,,
2,2016-09-21,37.21,37.46,36.86,37.45,21233698,,,
3,2016-09-22,37.6,37.83,37.44,37.55,17013410,,,
4,2016-09-23,37.45,37.65,37.12,37.19,18062474,,,
5,2016-09-26,36.92,36.94,36.6,36.65,25518796,,,
6,2016-09-27,36.9,37.22,36.63,37.18,22391576,,,
7,2016-09-28,37.31,37.5,37.15,37.44,19020799,,,
8,2016-09-29,37.49,37.53,37.0,37.32,17674969,,,
9,2016-09-30,37.47,37.92,37.44,37.75,24279306,37.283,,
10,2016-10-03,37.69,37.95,37.53,37.66,14113578,37.333000000000006,,
11,2016-10-04,37.77,37.94,37.33,37.54,14393109,37.373000000000005,,
12,2016-10-05,37.75,38.31,37.64,37.99,22420804,37.42700000000001,,
13,2016-10-06,37.84,38.16,37.58,38.07,15171434,37.479000000000006,,
14,2016-10-07,38.08,38.22,37.78,38.1,16942539,37.57000000000001,,
15,2016-10-10,38.25,38.36,37.9,38.02,14954297,37.70700000000001,,
16,2016-10-11,37.91,38.0,36.82,37.27,27650460,37.71600000000001,,
17,2016-10-12,37.2,37.25,36.81,37.13,14053888,37.68500000000001,,
18,2016-10-13,36.85,37.13,36.46,36.97,16936015,37.650000000000006,,
19,2016-10-14,37.19,37.7,37.16,37.45,19123944,37.620000000000005,,
20,2016-10-17,37.55,37.72,37.24,37.29,15788142,37.583000000000006,,
21,2016-10-18,37.97,38.05,37.53,37.75,42907753,37.604,,
22,2016-10-19,36.07,36.09,35.23,35.51,75229016,37.356,,
23,2016-10-20,35.41,35.67,35.1,35.43,25669479,37.092,,
24,2016-10-21,35.21,35.4,34.81,35.15,20813248,36.797,,
25,2016-10-24,35.43,35.49,35.11,35.26,21524741,36.521,37.13153846153846,-0.6105384615384608
26,2016-10-25,35.14,35.25,35.01,35.1,17860312,36.304,37.05230769230769,-0.7483076923076908
27,2016-10-26,35.04,35.2,34.74,34.92,19977604,36.083000000000006,36.966923076923074,-0.8839230769230682
28,2016-10-27,35.1,35.23,34.75,34.81,14634685,35.867000000000004,36.86538461538461,-0.9983846153846088
29,2016-10-28,34.87,35.17,34.71,34.74,22296428,35.59600000000001,36.75730769230769,-1.1613076923076804
30,2016-10-31,34.92,35.08,34.84,34.87,19188602,35.354000000000006,36.668076923076924,-1.314076923076918
31,2016-11-01,34.9,35.16,34.27,34.52,25368222,35.031000000000006,36.58615384615385,-1.5551538461538428
32,2016-11-02,34.6,34.9,34.47,34.6,21416408,34.94000000000001,36.486923076923084,-1.546923076923072
33,2016-11-03,34.45,34.52,33.87,33.93,19400032,34.790000000000006,36.35192307692308,-1.5619230769230725
34,2016-11-04,33.53,33.93,33.42,33.61,21914746,34.63600000000001,36.20923076923077,-1.5732307692307614
35,2016-11-07,34.24,34.75,34.15,34.69,19296598,34.579000000000015,36.09153846153846,-1.5125384615384476
36,2016-11-08,34.6,34.95,34.49,34.74,14833126,34.54300000000001,35.979230769230774,-1.436230769230761
37,2016-11-09,34.13,34.85,33.67,34.75,25999427,34.52600000000001,35.87192307692308,-1.3459230769230714
38,2016-11-10,34.95,34.95,34.02,34.5,28250229,34.49500000000001,35.73769230769231,-1.2426923076923018
39,2016-11-11,34.57,34.87,34.34,34.61,22665026,34.48200000000001,35.60461538461539,-1.1226153846153792
40,2016-11-14,34.56,34.73,34.2,34.48,22558941,34.44300000000001,35.46538461538462,-1.0223846153846097
41,2016-11-15,34.64,35.29,34.61,34.91,20676112,34.48200000000001,35.345769230769235,-0.863769230769222
42,2016-11-16,34.9,34.92,34.54,34.84,18565450,34.506000000000014,35.252307692307696,-0.7463076923076812
43,2016-11-17,34.81,35.02,34.63,35.02,15748521,34.615000000000016,35.17115384615385,-0.5561538461538333
44,2016-11-18,34.9,35.0,34.64,34.95,16806853,34.74900000000001,35.09346153846155,-0.3444615384615375
45,2016-11-21,35.1,35.2,34.84,34.98,14259526,34.77800000000001,34.99846153846154,-0.22046153846152805
46,2016-11-22,35.18,35.5,35.11,35.48,22327447,34.85200000000002,34.92884615384616,-0.07684615384614091
47,2016-11-23,35.48,35.52,35.1,35.2,15843618,34.89700000000001,34.83076923076924,0.06623076923077065
48,2016-11-25,35.11,35.45,35.11,35.44,6372836,34.991000000000014,34.82807692307693,0.16292307692308583
49,2016-11-28,35.43,35.66,35.21,35.51,13549048,35.08100000000001,34.83115384615385,0.24984615384615694
50,2016-11-29,35.64,35.64,35.27,35.31,19581040,35.16400000000001,34.837307692307704,0.32669230769230495
51,2016-11-30,35.2,35.3,34.7,34.7,27016070,35.14300000000001,34.81576923076925,0.3272307692307592
52,2016-12-01,34.86,34.93,33.56,33.76,29618687,35.035000000000004,34.764230769230785,0.27076923076921844
53,2016-12-02,33.72,34.26,33.6,34.16,21492534,34.949,34.735000000000014,0.21399999999998442
54,2016-12-05,34.31,34.42,33.96,34.39,14461972,34.893,34.718846153846165,0.17415384615383545
55,2016-12-06,34.39,34.75,34.3,34.72,15297703,34.867,34.718076923076936,0.14892307692306161
56,2016-12-07,34.67,35.57,34.45,35.5,21710273,34.86899999999999,34.742307692307705,0.1266923076922879
57,2016-12-08,35.48,36.03,35.22,35.7,19966537,34.919,34.787692307692325,0.13130769230767214
58,2016-12-09,35.75,35.9,35.59,35.76,16326925,34.95099999999999,34.83230769230771,0.11869230769228523
59,2016-12-12,35.78,36.09,35.67,35.97,21985830,34.99699999999999,34.91076923076925,0.08623076923074535
60,2016-12-13,36.01,36.89,35.93,36.8,35773592,35.145999999999994,35.03346153846155,0.11253846153844194
61,2016-12-14,36.7,36.89,36.46,36.55,30819365,35.330999999999996,35.10500000000001,0.22599999999998488
62,2016-12-15,36.74,37.16,36.53,36.79,23721538,35.634,35.18384615384616,0.4501538461538388
63,2016-12-16,36.72,36.87,36.08,36.31,38212824,35.849000000000004,35.24384615384616,0.605153846153847
64,2016-12-19,36.34,36.95,36.27,36.89,18744306,36.099000000000004,35.33576923076924,0.7632307692307663
65,2016-12-20,36.95,37.24,36.89,37.21,18551844,36.348,35.43576923076924,0.9122307692307601
66,2016-12-21,37.25,37.34,36.91,36.98,14323574,36.496,35.531923076923086,0.9640769230769166
67,2016-12-22,37.23,37.24,36.81,36.93,10793879,36.61900000000001,35.60961538461539,1.0093846153846187
68,2016-12-23,36.93,36.98,36.77,36.97,6287281,36.74000000000001,35.691538461538464,1.0484615384615452
69,2016-12-27,36.91,37.33,36.91,37.07,9033706,36.85000000000001,35.77038461538462,1.079615384615387
70,2016-12-28,37.1,37.2,36.58,36.63,12868584,36.83300000000001,35.83500000000001,0.9980000000000047
71,2016-12-29,36.51,36.72,36.43,36.66,8447998,36.84400000000001,35.89961538461539,0.9443846153846209
72,2016-12-30,36.79,36.8,36.2,36.27,17467984,36.79200000000001,35.93,0.862000000000009
73,2017-01-03,36.61,36.93,36.27,36.6,20196466,36.82100000000001,35.98384615384616,0.8371538461538535
74,2017-01-04,36.71,36.77,36.34,36.41,15915729,36.77300000000001,36.021153846153844,0.7518461538461665
75,2017-01-05,36.45,36.72,36.3,36.35,13986002,36.68700000000002,36.05346153846154,0.6335384615384783
76,2017-01-06,36.59,36.68,36.19,36.48,15113998,36.637000000000015,36.098461538461535,0.5385384615384794
77,2017-01-09,36.48,36.88,36.48,36.61,19461422,36.60500000000002,36.17192307692307,0.43307692307694623
78,2017-01-10,36.55,36.93,36.53,36.54,15918766,36.562000000000026,36.278846153846146,0.28315384615387984
79,2017-01-11,36.51,37.0,36.51,36.95,22398426,36.550000000000026,36.386153846153846,0.16384615384617973
80,2017-01-12,36.83,36.83,36.32,36.71,20391946,36.55800000000002,36.47538461538461,0.08261538461540852
81,2017-01-13,36.71,36.86,36.62,36.79,15072235,36.571000000000026,36.555,0.01600000000002666
82,2017-01-17,36.67,36.83,36.59,36.8,20195202,36.62400000000003,36.605,0.01900000000003388
83,2017-01-18,36.89,37.01,36.61,36.76,15382452,36.64000000000003,36.645769230769226,-0.005769230769196554
84,2017-01-19,36.51,36.91,36.51,36.57,13654522,36.65600000000003,36.676923076923075,-0.02092307692304729
85,2017-01-20,36.76,37.03,36.58,36.94,23950936,36.715000000000025,36.71423076923077,0.0007692307692579448
86,2017-01-23,37.07,37.21,36.55,36.77,27752565,36.74400000000002,36.71307692307692,0.030923076923102144
87,2017-01-24,36.84,37.74,36.81,37.62,35140871,36.84500000000002,36.75423076923077,0.09076923076924714
88,2017-01-25,37.87,38.0,37.52,37.8,32357313,36.97100000000002,36.793076923076924,0.1779230769230935
89,2017-01-26,37.82,37.92,37.42,37.56,34144843,37.032000000000025,36.84115384615385,0.19084615384617365
90,2017-01-27,38.0,38.45,37.81,37.98,44368566,37.15900000000003,36.88307692307693,0.2759230769230996
91,2017-01-30,37.74,37.84,37.33,37.42,23954716,37.22200000000002,36.89115384615385,0.3308461538461742
92,2017-01-31,37.22,37.37,36.64,36.82,27059084,37.224000000000025,36.885000000000005,0.33900000000001995
93,2017-02-01,36.82,36.95,36.02,36.52,28380640,37.200000000000024,36.869230769230775,0.33076923076924913
94,2017-02-02,36.26,36.7,36.2,36.68,31916939,37.21100000000003,36.85807692307692,0.3529230769231049
95,2017-02-03,36.69,36.82,36.45,36.52,21038146,37.169000000000025,36.83692307692308,0.33207692307694714
96,2017-02-06,36.51,36.51,36.15,36.27,21426961,37.11900000000002,36.823076923076925,0.2959230769230956
97,2017-02-07,36.45,36.52,36.24,36.35,18581866,36.992000000000026,36.81115384615385,0.18084615384617564
98,2017-02-08,36.34,36.65,36.14,36.38,20807358,36.85000000000002,36.815384615384616,0.0346153846154067
99,2017-02-09,36.5,36.5,35.4,35.46,47802687,36.64000000000002,36.77153846153846,-0.1315384615384403
100,2017-02-10,35.26,35.43,34.84,35.34,44106523,36.37600000000002,36.73038461538462,-0.3543846153846033
101,2017-02-13,35.57,35.85,35.34,35.8,28180550,36.21400000000002,36.70923076923077,-0.4952307692307514
102,2017-02-14,35.84,35.96,35.53,35.93,25734801,36.12500000000002,36.68807692307692,-0.563076923076899
103,2017-02-15,35.98,36.06,35.67,36.05,18452197,36.078000000000024,36.66653846153846,-0.5885384615384339
104,2017-02-16,36.18,36.56,36.1,36.41,21317455,36.05100000000003,36.661538461538456,-0.6105384615384253
105,2017-02-17,36.32,36.48,36.1,36.48,18909888,36.04700000000003,36.64346153846154,-0.5964615384615044
106,2017-02-21,36.53,36.65,36.33,36.52,20556017,36.07200000000003,36.63615384615384,-0.5641538461538076
107,2017-02-22,36.34,36.4,35.79,36.07,29904370,36.044000000000025,36.60846153846153,-0.5644615384615079
108,2017-02-23,36.24,36.3,35.9,36.18,22774979,36.02400000000003,36.58461538461538,-0.5606153846153532
109,2017-02-24,36.14,36.53,35.95,36.53,18617592,36.131000000000036,36.575769230769225,-0.4447692307691895
110,2017-02-27,36.42,36.68,36.27,36.51,14065236,36.24800000000003,36.57346153846153,-0.3254615384614965
111,2017-02-28,36.42,36.46,36.0,36.2,24977011,36.28800000000003,36.544999999999995,-0.25699999999996237
112,2017-03-01,35.85,36.1,35.44,35.93,34085869,36.28800000000003,36.5126923076923,-0.22469230769226556
113,2017-03-02,35.93,36.02,35.65,35.91,23602100,36.27400000000003,36.44692307692307,-0.1729230769230412
114,2017-03-03,35.94,36.08,35.67,35.9,17540896,36.22300000000003,36.373846153846145,-0.15084615384611766
115,2017-03-06,35.79,35.8,35.42,35.57,24416732,36.13200000000002,36.29730769230768,-0.16530769230766396
116,2017-03-07,35.54,35.8,35.38,35.8,23434893,36.060000000000024,36.21346153846153,-0.15346153846150656
117,2017-03-08,35.67,35.9,35.52,35.62,20920148,36.01500000000003,36.14423076923076,-0.1292307692307304
118,2017-03-09,35.6,35.94,35.5,35.82,23616786,35.97900000000003,36.10576923076922,-0.12676923076919167
119,2017-03-10,36.12,36.3,35.78,35.91,25402348,35.91700000000003,36.08230769230768,-0.16530769230764975
120,2017-03-13,35.85,36.04,34.94,35.16,53582931,35.782000000000025,36.023846153846144,-0.24184615384611874
121,2017-03-14,35.06,35.23,34.66,35.18,28586871,35.68000000000003,35.97230769230768,-0.2923076923076522
122,2017-03-15,34.94,35.17,34.68,35.1,27996095,35.59700000000003,35.927307692307686,-0.330307692307656
123,2017-03-16,35.17,35.36,35.07,35.14,19616053,35.520000000000024,35.88076923076922,-0.3607692307691934
124,2017-03-17,35.31,35.33,35.1,35.27,30778867,35.45700000000003,35.83807692307691,-0.3810769230768827
125,2017-03-20,35.37,35.63,35.26,35.43,17322274,35.443000000000026,35.836923076923064,-0.39392307692303774
126,2017-03-21,35.59,35.6,35.0,35.04,22814547,35.36700000000003,35.8253846153846,-0.458384615384567
127,2017-03-22,35.22,35.46,35.0,35.37,19144498,35.34200000000003,35.80884615384614,-0.46684615384611305
128,2017-03-23,35.49,35.49,35.02,35.27,20640352,35.28700000000003,35.78346153846152,-0.4964615384614959
129,2017-03-24,35.65,35.73,35.12,35.16,22187960,35.21200000000003,35.749230769230756,-0.5372307692307245
130,2017-03-27,35.07,35.5,34.94,35.39,16992235,35.235000000000035,35.70999999999999,-0.4749999999999517
131,2017-03-28,35.34,35.71,35.21,35.6,18398148,35.27700000000004,35.67615384615384,-0.39915384615380134
132,2017-03-29,35.52,35.7,35.44,35.57,17202642,35.324000000000034,35.639615384615375,-0.31561538461534155
133,2017-03-30,35.58,35.89,35.52,35.75,16432950,35.38500000000003,35.62730769230768,-0.24230769230764793
134,2017-03-31,35.75,36.25,35.74,36.07,21438385,35.46500000000004,35.623076923076916,-0.1580769230768766
135,2017-04-03,36.19,36.74,36.12,36.16,32013641,35.53800000000004,35.608846153846144,-0.07084615384610515
136,2017-04-04,36.12,36.38,35.99,36.28,18918045,35.66200000000004,35.599999999999994,0.06200000000004735
137,2017-04-05,36.43,36.76,36.17,36.22,22455525,35.747000000000035,35.600769230769224,0.14623076923081157
138,2017-04-06,36.13,36.28,36.03,36.03,20198223,35.823000000000036,35.60461538461538,0.21838461538465737
139,2017-04-07,36.07,36.32,35.98,36.03,15689513,35.91000000000004,35.60923076923076,0.3007692307692764
140,2017-04-10,36.02,36.09,35.61,35.8,19973723,35.951000000000036,35.60538461538461,0.34561538461542796
141,2017-04-11,35.77,35.79,35.21,35.74,22711830,35.96500000000004,35.61192307692307,0.35307692307696925
142,2017-04-12,35.87,36.01,35.5,35.63,19289787,35.97100000000004,35.60538461538461,0.3656153846154311
143,2017-04-13,35.55,35.76,35.25,35.25,15763996,35.921000000000035,35.59115384615384,0.32984615384619786
144,2017-04-17,35.44,35.59,35.33,35.48,12560746,35.86200000000004,35.578076923076914,0.2839230769231236
145,2017-04-18,35.43,35.81,35.3,35.76,12321050,35.82200000000004,35.57230769230768,0.2496923076923565
146,2017-04-19,35.97,36.22,35.89,35.91,16594635,35.78500000000004,35.601153846153835,0.18384615384620417
147,2017-04-20,36.18,36.27,35.86,36.18,22968262,35.78100000000004,35.639615384615375,0.1413846153846663
148,2017-04-21,36.2,36.42,35.85,36.32,20390513,35.81000000000004,35.686538461538454,0.12346153846158359
149,2017-04-24,36.67,36.85,36.46,36.75,26305762,35.88200000000004,35.748461538461534,0.13353846153850668
150,2017-04-25,36.77,37.0,36.66,36.87,22066776,35.98900000000004,35.809999999999995,0.17900000000004468
151,2017-04-26,36.78,37.23,36.78,36.93,27240993,36.10800000000004,35.8676923076923,0.24030769230773785
152,2017-04-27,36.87,37.5,36.78,37.43,39889967,36.28800000000004,35.959615384615375,0.3283846153846639
153,2017-04-28,36.1,36.48,35.88,36.15,56769258,36.378000000000036,35.98961538461538,0.38838461538465907
154,2017-05-01,36.11,36.4,35.94,36.31,24825614,36.461000000000034,36.029615384615376,0.43138461538465833
155,2017-05-02,36.37,37.03,36.35,36.97,35813021,36.582000000000036,36.099230769230765,0.4827692307692715
156,2017-05-03,36.72,37.17,36.62,36.98,22040256,36.68900000000004,36.16038461538461,0.5286153846154349
157,2017-05-04,36.99,37.11,36.64,36.85,16437088,36.75600000000004,36.208461538461535,0.5475384615385082
158,2017-05-05,36.86,36.93,36.5,36.82,18119243,36.80600000000005,36.256538461538454,0.5494615384615926
159,2017-05-08,36.73,36.85,36.48,36.54,17660214,36.785000000000046,36.28692307692307,0.4980769230769795
160,2017-05-09,36.48,36.75,36.28,36.37,17819144,36.73500000000005,36.29846153846153,0.43653846153851816
161,2017-05-10,36.27,36.38,35.93,36.01,25133822,36.64300000000004,36.2926923076923,0.3503076923077444
162,2017-05-11,35.91,36.0,35.45,35.69,21508923,36.469000000000044,36.26999999999999,0.1990000000000549
163,2017-05-12,35.72,35.74,35.4,35.53,19730842,36.40700000000005,36.243461538461524,0.16353846153852913
164,2017-05-15,35.54,35.72,35.42,35.63,22120137,36.33900000000005,36.22807692307691,0.11092307692313597
165,2017-05-16,35.75,35.89,35.42,35.82,22291843,36.224000000000046,36.21999999999999,0.0040000000000546265
166,2017-05-17,35.67,35.99,35.02,35.04,26670188,36.030000000000044,36.19076923076922,-0.16076923076917637
167,2017-05-18,35.19,35.47,35.08,35.22,17171872,35.86700000000004,36.170769230769224,-0.30376923076918416
168,2017-05-19,35.15,35.55,35.13,35.4,18340127,35.72500000000004,36.16192307692307,-0.4369230769230299
169,2017-05-22,35.48,36.11,35.38,35.77,14638066,35.64800000000004,36.18192307692307,-0.5339230769230312
170,2017-05-23,35.87,35.99,35.56,35.86,16903704,35.59700000000004,36.19653846153845,-0.5995384615384154
171,2017-05-24,35.98,36.18,35.89,36.12,20860257,35.60800000000004,36.210384615384605,-0.6023846153845653
172,2017-05-25,36.12,36.39,36.06,36.26,13148542,35.665000000000035,36.22384615384615,-0.5588461538461118
173,2017-05-26,36.26,36.33,36.13,36.26,11145523,35.738000000000035,36.22692307692307,-0.4889230769230366
174,2017-05-30,36.27,36.44,36.09,36.18,13026915,35.793000000000035,36.22153846153845,-0.428538461538416
175,2017-05-31,36.31,36.38,35.87,36.11,17741896,35.82200000000004,36.19692307692307,-0.3749230769230323
176,2017-06-01,36.12,36.13,35.8,36.12,17510915,35.930000000000035,36.16807692307692,-0.238076923076882
177,2017-06-02,36.27,36.33,36.0,36.32,19127420,36.040000000000035,36.14461538461538,-0.10461538461534303
178,2017-06-05,36.3,36.5,36.2,36.34,11685699,36.134000000000036,36.10269230769231,0.031307692307727564
179,2017-06-06,36.16,36.45,35.98,36.13,18420926,36.17000000000004,36.10192307692308,0.06807692307695845
180,2017-06-07,36.13,36.57,36.1,36.26,17191983,36.210000000000036,36.099999999999994,0.11000000000004206
181,2017-06-08,36.34,36.53,36.16,36.48,17154167,36.24600000000004,36.08115384615384,0.16484615384619872
182,2017-06-09,36.5,36.56,35.31,35.71,33322053,36.19100000000004,36.03230769230769,0.15869230769234832
183,2017-06-12,35.59,36.01,35.41,35.73,28488290,36.13800000000004,35.989230769230765,0.1487692307692754
184,2017-06-13,35.68,35.95,35.53,35.88,20588247,36.10800000000004,35.95307692307692,0.15492307692311869
185,2017-06-14,35.99,36.05,35.22,35.53,19149017,36.05000000000003,35.91423076923076,0.13576923076927017
186,2017-06-15,35.21,35.48,35.14,35.31,20410009,35.96900000000004,35.873461538461534,0.09553846153850287
187,2017-06-16,35.28,35.33,35.01,35.21,30762781,35.85800000000003,35.8426923076923,0.015307692307729326
188,2017-06-19,35.61,35.61,35.32,35.51,21583752,35.775000000000034,35.83576923076923,-0.06076923076919627
189,2017-06-20,35.45,35.45,34.84,34.86,21536505,35.64800000000004,35.81,-0.1619999999999635
190,2017-06-21,34.33,34.6,34.09,34.58,27138493,35.48000000000003,35.76961538461539,-0.2896153846153595
191,2017-06-22,34.56,34.63,34.29,34.36,24602910,35.268000000000036,35.713461538461544,-0.44546153846150816
192,2017-06-23,34.21,34.55,34.1,34.19,29260888,35.116000000000035,35.68076923076923,-0.564769230769194
193,2017-06-26,34.26,34.51,34.03,34.07,18854766,34.95000000000003,35.636538461538464,-0.6865384615384329
194,2017-06-27,34.0,34.14,33.65,33.65,27078918,34.72700000000003,35.56923076923077,-0.8422307692307385
195,2017-06-28,33.77,34.24,33.74,34.2,25940057,34.59400000000003,35.50884615384616,-0.9148461538461277
196,2017-06-29,33.92,34.1,33.34,33.54,25215664,34.41700000000003,35.41961538461539,-1.0026153846153605
197,2017-06-30,33.87,33.93,33.54,33.74,24432020,34.27000000000003,35.32807692307693,-1.0580769230768965
198,2017-07-03,33.51,34.03,33.43,33.46,12676894,34.06500000000003,35.22038461538462,-1.155384615384584
199,2017-07-05,33.52,34.43,33.48,34.34,30010803,34.013000000000034,35.14653846153847,-1.1335384615384356
200,2017-07-06,34.12,34.29,33.56,33.63,20733189,33.918000000000035,35.048461538461545,-1.1304615384615104
201,2017-07-07,33.7,34.12,33.7,33.88,18304460,33.87000000000003,34.962692307692315,-1.0926923076922819
202,2017-07-10,33.25,33.74,33.23,33.65,29918436,33.81600000000003,34.867692307692316,-1.051692307692285
203,2017-07-11,33.64,33.93,33.43,33.92,25737540,33.80100000000003,34.77538461538462,-0.9743846153845865
204,2017-07-12,34.28,34.39,33.94,34.25,23768337,33.86100000000003,34.695,-0.8339999999999677
205,2017-07-13,34.33,34.4,34.12,34.24,15046199,33.86500000000004,34.62230769230769,-0.7573076923076556
206,2017-07-14,34.48,34.71,34.26,34.68,16316353,33.979000000000035,34.56153846153846,-0.5825384615384266
207,2017-07-17,34.74,34.74,34.36,34.47,21044407,34.052000000000035,34.48423076923077,-0.4322307692307348
208,2017-07-18,34.43,34.58,34.25,34.53,14362830,34.159000000000034,34.43884615384615,-0.27984615384611544
209,2017-07-19,34.68,34.68,34.46,34.56,17036197,34.181000000000026,34.393846153846155,-0.21284615384612948
210,2017-07-20,34.54,34.84,34.48,34.75,17506216,34.29300000000003,34.35038461538461,-0.05738461538458495
211,2017-07-21,34.54,34.82,34.4,34.73,22245041,34.37800000000003,34.31961538461539,0.05838461538463946
212,2017-07-24,34.73,34.8,34.38,34.5,16146284,34.46300000000004,34.28846153846154,0.1745384615384964
213,2017-07-25,34.55,34.74,34.4,34.67,18096682,34.53800000000003,34.26769230769231,0.2703076923077248
214,2017-07-26,34.7,34.97,34.59,34.75,15499322,34.58800000000004,34.238461538461536,0.34953846153850066
215,2017-07-27,34.78,35.25,34.67,34.97,43062842,34.66100000000004,34.24269230769231,0.418307692307728
216,2017-07-28,35.13,35.86,35.0,35.31,36291484,34.72400000000003,34.270769230769226,0.45323076923080663
217,2017-07-31,35.47,35.74,35.32,35.47,27056989,34.824000000000034,34.31346153846153,0.510538461538502
218,2017-08-01,35.66,36.43,35.57,36.35,38710244,35.00600000000004,34.39653846153846,0.6094615384615807
219,2017-08-02,36.33,36.67,36.06,36.64,35004283,35.21400000000004,34.49538461538461,0.7186153846154326
220,2017-08-03,36.55,36.59,36.15,36.49,26611347,35.38800000000004,34.60461538461538,0.7833846153846622
221,2017-08-04,36.45,36.56,36.1,36.3,20520301,35.54500000000004,34.685384615384606,0.8596153846154309
222,2017-08-07,36.39,36.55,36.22,36.43,18169335,35.73800000000004,34.796538461538454,0.9414615384615885
223,2017-08-08,36.37,36.7,36.3,36.41,22819871,35.91200000000004,34.89923076923076,1.0127692307692797
224,2017-08-09,36.28,36.66,36.02,36.59,22796797,36.09600000000004,35.01961538461538,1.0763846153846615
225,2017-08-10,36.4,36.56,36.11,36.14,22693316,36.21300000000004,35.08884615384614,1.1241538461538951
226,2017-08-11,36.26,36.4,35.79,35.87,19275060,36.269000000000034,35.17499999999999,1.0940000000000438
227,2017-08-14,36.12,36.47,36.08,36.34,18469448,36.35600000000003,35.26961538461538,1.0863846153846524
228,2017-08-15,36.3,36.32,35.82,36.0,21706563,36.321000000000026,35.35999999999999,0.961000000000034
229,2017-08-16,35.98,36.07,35.56,35.81,22013991,36.23800000000003,35.43269230769231,0.8053076923077214
230,2017-08-17,35.6,35.68,35.17,35.17,19524961,36.10600000000003,35.468076923076914,0.6379230769231157
231,2017-08-18,35.29,35.31,34.99,35.01,16231408,35.977000000000025,35.497692307692304,0.47930769230772086
232,2017-08-21,35.09,35.28,34.7,34.92,26493271,35.82600000000003,35.50692307692307,0.3190769230769561
233,2017-08-22,35.02,35.19,34.62,34.65,26097791,35.65000000000002,35.513846153846146,0.13615384615387427
234,2017-08-23,34.54,34.81,34.38,34.66,19648134,35.457000000000015,35.51884615384615,-0.061846153846133234
235,2017-08-24,34.7,34.89,34.55,34.71,14301892,35.314000000000014,35.52461538461538,-0.210615384615366
236,2017-08-25,34.82,34.93,34.58,34.67,14726829,35.19400000000002,35.521538461538455,-0.32753846153843824
237,2017-08-28,34.78,34.8,34.59,34.65,20712876,35.02500000000001,35.51846153846153,-0.4934615384615171
238,2017-08-29,34.51,34.75,34.46,34.73,15843668,34.89800000000001,35.52730769230769,-0.6293076923076768
239,2017-08-30,34.75,34.96,34.63,34.89,18565007,34.80600000000001,35.535769230769226,-0.7297692307692145
240,2017-08-31,34.94,35.18,34.87,35.07,16366772,34.79600000000001,35.54807692307692,-0.7520769230769133
241,2017-09-01,35.24,35.39,35.07,35.09,12821972,34.80400000000001,35.552692307692304,-0.7486923076922949
242,2017-09-05,35.02,35.33,34.93,35.02,19300594,34.81400000000001,35.54153846153846,-0.727538461538451
243,2017-09-06,35.22,35.94,35.11,35.76,28076438,34.925000000000004,35.552692307692304,-0.6276923076922998
244,2017-09-07,35.88,35.95,35.33,35.54,16297077,35.01300000000001,35.521538461538455,-0.5085384615384427
245,2017-09-08,35.19,35.54,35.08,35.19,14125018,35.061000000000014,35.465769230769226,-0.4047692307692117
246,2017-09-11,35.49,36.0,35.14,35.77,20037575,35.17100000000001,35.43807692307691,-0.2670769230769068
247,2017-09-12,35.88,36.34,35.74,36.09,19489892,35.31500000000001,35.42999999999999,-0.11499999999998067
248,2017-09-13,36.0,36.4,35.97,36.33,15509787,35.47500000000001,35.426153846153845,0.04884615384616353
249,2017-09-14,36.19,36.7,36.16,36.48,18093946,35.63400000000001,35.42884615384615,0.20515384615385557
250,2017-09-15,36.55,37.08,36.22,37.0,33596072,35.82700000000001,35.44461538461538,0.3823846153846304
