,Date,Open,High,Low,Close,Volume,movel_10,movel_26,MACD
0,2016-09-19,57.27,57.75,56.85,56.93,20937104,,,
1,2016-09-20,57.35,57.35,56.75,56.81,17383982,,,
2,2016-09-21,57.51,57.85,57.08,57.76,33707272,,,
3,2016-09-22,57.92,58.0,57.63,57.82,19822203,,,
4,2016-09-23,57.87,57.91,57.38,57.43,19955336,,,
5,2016-09-26,57.08,57.14,56.83,56.9,21688720,,,
6,2016-09-27,56.93,58.06,56.68,57.95,28065071,,,
7,2016-09-28,57.88,58.06,57.67,58.03,20536400,,,
8,2016-09-29,57.81,58.17,57.21,57.4,25463536,,,
9,2016-09-30,57.57,57.77,57.34,57.6,29910788,57.463,,
10,2016-10-03,57.4,57.55,57.06,57.42,19189515,57.512,,
11,2016-10-04,57.27,57.6,56.97,57.24,20085874,57.55499999999999,,
12,2016-10-05,57.29,57.96,57.26,57.64,16726411,57.54299999999999,,
13,2016-10-06,57.74,57.86,57.28,57.74,16212611,57.53499999999999,,
14,2016-10-07,57.85,57.98,57.42,57.8,20089020,57.57199999999999,,
15,2016-10-10,57.91,58.39,57.87,58.04,18196509,57.68599999999999,,
16,2016-10-11,57.89,58.02,56.89,57.19,26497418,57.60999999999999,,
17,2016-10-12,57.11,57.27,56.4,57.11,22177464,57.517999999999994,,
18,2016-10-13,56.7,57.3,56.32,56.92,25313748,57.46999999999999,,
19,2016-10-14,57.12,57.74,57.12,57.42,27402451,57.451999999999984,,
20,2016-10-17,57.36,57.46,56.87,57.22,23830014,57.431999999999995,,
21,2016-10-18,57.53,57.94,57.41,57.66,19149538,57.47399999999999,,
22,2016-10-19,57.47,57.84,57.4,57.53,22878397,57.46299999999999,,
23,2016-10-20,57.5,57.52,56.66,57.25,49455612,57.41399999999999,,
24,2016-10-21,60.28,60.45,59.48,59.66,80032206,57.59999999999999,,
25,2016-10-24,59.94,61.0,59.93,61.0,54066978,57.895999999999994,57.67192307692308,0.22407692307691462
26,2016-10-25,60.85,61.37,60.8,60.99,35137164,58.275999999999996,57.82807692307692,0.4479230769230753
27,2016-10-26,60.81,61.2,60.47,60.63,29911608,58.628,57.97500000000001,0.6529999999999916
28,2016-10-27,60.61,60.83,60.09,60.1,28479856,58.946000000000005,58.065000000000005,0.8810000000000002
29,2016-10-28,60.01,60.52,59.58,59.87,33574684,59.19100000000001,58.143846153846155,1.0471538461538543
30,2016-10-31,60.16,60.42,59.92,59.92,26434697,59.461,58.239615384615384,1.2213846153846148
31,2016-11-01,59.97,60.02,59.25,59.8,24532986,59.675,58.35115384615384,1.323846153846155
32,2016-11-02,59.82,59.93,59.3,59.43,22147005,59.864999999999995,58.40807692307692,1.4569230769230757
33,2016-11-03,59.53,59.64,59.11,59.21,21600427,60.061,58.45346153846154,1.6075384615384607
34,2016-11-04,58.65,59.28,58.52,58.71,28697016,59.96600000000001,58.50384615384615,1.4621538461538606
35,2016-11-07,59.78,60.52,59.78,60.42,31664798,59.908,58.612307692307695,1.2956923076923061
36,2016-11-08,60.55,60.78,60.15,60.47,22935355,59.85600000000001,58.729615384615386,1.126384615384623
37,2016-11-09,60.0,60.59,59.2,60.17,49632479,59.81,58.8423076923077,0.9676923076923032
38,2016-11-10,60.48,60.49,57.63,58.7,57822394,59.67,58.88307692307693,0.786923076923074
39,2016-11-11,58.23,59.12,58.01,59.02,38767843,59.585,58.932307692307695,0.6526923076923055
40,2016-11-14,59.02,59.08,57.28,58.12,41328422,59.40500000000001,58.94461538461538,0.4603846153846263
41,2016-11-15,58.33,59.49,58.32,58.87,35904126,59.31200000000001,58.97653846153845,0.33546153846155846
42,2016-11-16,58.94,59.66,58.81,59.65,27332475,59.33400000000002,59.07115384615384,0.2628461538461764
43,2016-11-17,60.41,60.95,59.96,60.64,31463728,59.47700000000001,59.20692307692308,0.2700769230769282
44,2016-11-18,60.78,61.14,60.3,60.35,27686311,59.641000000000005,59.33884615384615,0.3021538461538569
45,2016-11-21,60.5,60.97,60.42,60.86,19652595,59.68500000000002,59.47115384615384,0.2138461538461769
46,2016-11-22,60.98,61.26,60.8,61.12,23206700,59.750000000000014,59.62115384615383,0.12884615384618314
47,2016-11-23,61.01,61.1,60.25,60.4,21848913,59.77300000000001,59.726538461538446,0.04646153846156409
48,2016-11-25,60.3,60.53,60.13,60.53,8409616,59.956,59.84192307692307,0.11407692307693651
49,2016-11-28,60.34,61.02,60.21,60.61,20732619,60.11500000000001,59.971153846153825,0.1438461538461837
50,2016-11-29,60.65,61.41,60.52,61.09,22366721,60.41200000000001,60.026153846153825,0.38584615384618814
51,2016-11-30,60.86,61.18,60.22,60.26,34655435,60.55100000000001,59.99769230769228,0.553307692307726
52,2016-12-01,60.11,60.15,58.94,59.2,34542121,60.506000000000014,59.92884615384613,0.5771538461538839
53,2016-12-02,59.08,59.47,58.8,59.25,25515665,60.36700000000002,59.8757692307692,0.49123076923081754
54,2016-12-05,59.7,60.58,59.56,60.22,23552658,60.35400000000002,59.88038461538459,0.47361538461542807
55,2016-12-06,60.43,60.46,59.8,59.95,19907035,60.26300000000002,59.883461538461525,0.3795384615384947
56,2016-12-07,60.01,61.38,59.8,61.37,30808969,60.288000000000025,59.93923076923075,0.34876923076927824
57,2016-12-08,61.3,61.58,60.84,61.01,21220753,60.349000000000025,59.98576923076921,0.36323076923081743
58,2016-12-09,61.18,61.99,61.12,61.97,27349356,60.49300000000003,60.08346153846151,0.40953846153851714
59,2016-12-12,61.82,62.3,61.72,62.17,20198081,60.64900000000002,60.19730769230767,0.4516923076923547
60,2016-12-13,62.5,63.42,62.24,62.98,35718868,60.83800000000002,60.36153846153844,0.4764615384615851
61,2016-12-14,63.0,63.45,62.53,62.68,30352654,61.08000000000002,60.448461538461515,0.6315384615385042
62,2016-12-15,62.7,63.15,62.3,62.58,27669868,61.41800000000002,60.529615384615354,0.8883846153846662
63,2016-12-16,62.95,62.95,62.12,62.3,42453083,61.72300000000001,60.61153846153843,1.1114615384615831
64,2016-12-19,62.56,63.77,62.42,63.62,34338219,62.06300000000001,60.80076923076919,1.2622307692308183
65,2016-12-20,63.69,63.8,63.02,63.54,26028379,62.422000000000004,60.97461538461535,1.4473846153846566
66,2016-12-21,63.43,63.7,63.12,63.54,17096304,62.638999999999996,61.18307692307689,1.4559230769231064
67,2016-12-22,63.84,64.1,63.4,63.55,22176585,62.892999999999994,61.36307692307689,1.5299230769231045
68,2016-12-23,63.45,63.54,62.8,63.24,12403819,63.019999999999996,61.50115384615381,1.5188461538461837
69,2016-12-27,63.21,64.07,63.21,63.28,11763173,63.13099999999999,61.602692307692266,1.5283076923077275
70,2016-12-28,63.4,63.4,62.83,62.99,14653348,63.13199999999999,61.70423076923073,1.4277692307692575
71,2016-12-29,62.86,63.2,62.73,62.9,10250582,63.153999999999996,61.78269230769228,1.3713076923077168
72,2016-12-30,62.96,62.99,62.03,62.14,25579908,63.10999999999999,61.821923076923056,1.288076923076936
73,2017-01-03,62.79,62.84,62.12,62.58,20694101,63.138,61.9057692307692,1.2322307692307959
74,2017-01-04,62.48,62.75,62.12,62.3,21339969,63.00599999999999,61.973846153846125,1.032153846153868
75,2017-01-05,62.19,62.66,62.03,62.3,24875968,62.88199999999999,62.03884615384613,0.8431538461538608
76,2017-01-06,62.3,63.15,62.04,62.84,19922919,62.812,62.106153846153816,0.7058461538461813
77,2017-01-09,62.76,63.08,62.54,62.64,20382730,62.721000000000004,62.197692307692286,0.5233076923077178
78,2017-01-10,62.73,63.07,62.28,62.62,18593004,62.659000000000006,62.32923076923074,0.3297692307692657
79,2017-01-11,62.61,63.23,62.43,63.19,21517335,62.65,62.480769230769205,0.1692307692307935
80,2017-01-12,63.06,63.4,61.95,62.61,20968223,62.612,62.57269230769228,0.03930769230772313
81,2017-01-13,62.62,62.86,62.35,62.7,19422310,62.592000000000006,62.678461538461505,-0.08646153846149929
82,2017-01-17,62.68,62.7,62.03,62.53,20663983,62.63100000000001,62.723076923076896,-0.0920769230768883
83,2017-01-18,62.67,62.7,62.12,62.5,19670102,62.623000000000005,62.78038461538459,-0.15738461538458637
84,2017-01-19,62.24,62.98,62.2,62.3,18451655,62.623000000000005,62.793076923076896,-0.17007692307689126
85,2017-01-20,62.67,62.82,62.37,62.74,30213462,62.66700000000001,62.81499999999997,-0.1479999999999606
86,2017-01-23,62.7,63.12,62.57,62.96,23097581,62.67900000000001,62.81423076923074,-0.13523076923073063
87,2017-01-24,63.2,63.74,62.94,63.52,24672940,62.76700000000001,62.84653846153843,-0.07953846153841937
88,2017-01-25,63.95,64.1,63.45,63.68,24654933,62.873000000000005,62.888846153846124,-0.01584615384611965
89,2017-01-26,64.12,64.54,63.55,64.27,43554645,62.980999999999995,62.96461538461536,0.01638461538463787
90,2017-01-27,65.39,65.91,64.89,65.78,44817972,63.29799999999999,63.04769230769228,0.25030769230770744
91,2017-01-30,65.69,65.79,64.8,65.13,31651445,63.54099999999998,63.10884615384613,0.43215384615385233
92,2017-01-31,64.86,65.15,64.26,64.65,25270549,63.752999999999986,63.15153846153844,0.6014615384615425
93,2017-02-01,64.36,64.62,63.47,63.58,39671528,63.86099999999999,63.15269230769229,0.7083076923076987
94,2017-02-02,63.25,63.41,62.75,63.17,45827013,63.94799999999999,63.149999999999984,0.7980000000000089
95,2017-02-03,63.5,63.7,63.07,63.68,30301759,64.04199999999999,63.1653846153846,0.8766153846153841
96,2017-02-06,63.5,63.65,63.14,63.64,19796360,64.10999999999999,63.19038461538461,0.9196153846153763
97,2017-02-07,63.74,63.78,63.23,63.43,20277226,64.10099999999997,63.21076923076922,0.8902307692307474
98,2017-02-08,63.57,63.81,63.22,63.34,18096358,64.06699999999998,63.25692307692306,0.8100769230769203
99,2017-02-09,63.52,64.44,63.32,64.06,22644443,64.04599999999998,63.31384615384614,0.7321538461538353
100,2017-02-10,64.25,64.3,63.98,64.0,18170729,63.86799999999998,63.37923076923076,0.48876923076922196
101,2017-02-13,64.24,64.86,64.13,64.72,22920101,63.826999999999984,63.47230769230768,0.35469230769230364
102,2017-02-14,64.41,64.72,64.02,64.57,23108426,63.818999999999996,63.538846153846144,0.2801538461538513
103,2017-02-15,64.5,64.57,64.16,64.53,17005157,63.91399999999999,63.611538461538444,0.302461538461543
104,2017-02-16,64.74,65.24,64.44,64.52,20546345,64.04899999999999,63.68461538461538,0.36438461538461553
105,2017-02-17,64.47,64.69,64.3,64.62,21248818,64.143,63.73961538461537,0.4033846153846312
106,2017-02-21,64.61,64.95,64.45,64.49,20655869,64.228,63.811923076923065,0.416076923076929
107,2017-02-22,64.33,64.39,64.05,64.36,19292651,64.321,63.875769230769215,0.44523076923078264
108,2017-02-23,64.42,64.73,64.2,64.62,20273128,64.449,63.956153846153825,0.49284615384617325
109,2017-02-24,64.53,64.8,64.14,64.62,21796800,64.505,64.0376923076923,0.4673076923076991
110,2017-02-27,64.54,64.54,64.04,64.23,15871507,64.52799999999999,64.11192307692306,0.416076923076929
111,2017-02-28,64.08,64.2,63.76,63.98,23239825,64.454,64.15961538461536,0.29438461538462946
112,2017-03-01,64.13,64.99,64.02,64.94,26937459,64.49100000000001,64.23576923076922,0.255230769230792
113,2017-03-02,64.69,64.75,63.88,64.01,24539597,64.43900000000001,64.25461538461538,0.18438461538463002
114,2017-03-03,63.99,64.28,63.62,64.25,18139405,64.412,64.27653846153845,0.13546153846155562
115,2017-03-06,63.97,64.56,63.81,64.27,18750255,64.37700000000001,64.27653846153845,0.10046153846155903
116,2017-03-07,64.19,64.78,64.19,64.4,18520987,64.36800000000001,64.22346153846152,0.14453846153848815
117,2017-03-08,64.26,65.08,64.25,64.99,21510907,64.43100000000001,64.21807692307691,0.2129230769231043
118,2017-03-09,65.19,65.2,64.48,64.73,19846832,64.44200000000001,64.22115384615383,0.2208461538461819
119,2017-03-10,65.11,65.26,64.75,64.93,19538245,64.47300000000001,64.27307692307691,0.19992307692309907
120,2017-03-13,65.01,65.2,64.57,64.71,20100035,64.52100000000002,64.33230769230768,0.18869230769233525
121,2017-03-14,64.53,64.55,64.15,64.41,14280202,64.56400000000001,64.3603846153846,0.20361538461540363
122,2017-03-15,64.55,64.92,64.25,64.75,24833810,64.545,64.40307692307691,0.14192307692309214
123,2017-03-16,64.75,64.76,64.3,64.64,20674296,64.608,64.44961538461537,0.15838461538463378
124,2017-03-17,64.91,65.24,64.68,64.87,49219686,64.67,64.50846153846152,0.16153846153848406
125,2017-03-20,64.91,65.18,64.72,64.93,14598083,64.73600000000002,64.54192307692307,0.19407692307694902
126,2017-03-21,65.19,65.5,64.13,64.21,26640480,64.71700000000001,64.54999999999998,0.16700000000003
127,2017-03-22,64.12,65.14,64.12,65.03,20680015,64.72100000000002,64.56192307692307,0.15907692307695243
128,2017-03-23,64.94,65.24,64.76,64.87,19269203,64.73500000000001,64.57346153846153,0.16153846153848406
129,2017-03-24,65.36,65.45,64.76,64.98,22617105,64.74000000000001,64.59076923076921,0.14923076923079748
130,2017-03-27,64.63,65.22,64.35,65.1,18614662,64.77900000000001,64.6130769230769,0.16592307692310726
131,2017-03-28,64.96,65.47,64.65,65.29,20080358,64.867,64.63884615384615,0.2281538461538588
132,2017-03-29,65.12,65.5,64.95,65.47,13618424,64.93900000000001,64.67653846153846,0.26246153846155096
133,2017-03-30,65.42,65.98,65.36,65.71,15122823,65.04600000000002,64.72846153846153,0.31753846153848997
134,2017-03-31,65.65,66.19,65.45,65.86,21040331,65.14500000000001,64.77615384615385,0.3688461538461638
135,2017-04-03,65.81,65.94,65.19,65.55,20400871,65.20700000000002,64.81192307692307,0.39507692307695663
136,2017-04-04,65.39,65.81,65.28,65.73,12997449,65.35900000000001,64.86961538461537,0.48938461538463685
137,2017-04-05,66.3,66.35,65.44,65.56,21448594,65.412,64.9303846153846,0.4816153846154094
138,2017-04-06,65.6,66.06,65.48,65.73,18103453,65.49800000000002,64.96076923076922,0.5372307692308027
139,2017-04-07,65.85,65.96,65.44,65.68,14108533,65.56800000000001,65.02499999999999,0.5430000000000206
140,2017-04-10,65.61,65.82,65.36,65.53,17952742,65.611,65.07423076923075,0.5367692307692522
141,2017-04-11,65.6,65.61,64.85,65.48,18791533,65.63000000000001,65.12076923076921,0.5092307692307969
142,2017-04-12,65.42,65.51,65.11,65.23,17108513,65.60600000000001,65.15269230769229,0.4533076923077175
143,2017-04-13,65.29,65.86,64.95,64.95,17896483,65.53,65.15115384615383,0.37884615384616893
144,2017-04-17,65.04,65.49,65.01,65.48,16689265,65.492,65.17999999999998,0.31200000000002603
145,2017-04-18,65.33,65.71,65.16,65.39,15155611,65.47600000000001,65.1976923076923,0.27830769230772034
146,2017-04-19,65.65,65.75,64.89,65.04,26992771,65.40700000000001,65.2103846153846,0.19661538461541284
147,2017-04-20,65.46,65.75,65.14,65.5,22299477,65.401,65.25230769230767,0.148692307692329
148,2017-04-21,65.67,66.7,65.45,66.4,32522645,65.46799999999999,65.31576923076922,0.15223076923076917
149,2017-04-24,67.48,67.66,67.1,67.53,29769976,65.65299999999999,65.42692307692306,0.22607692307693128
150,2017-04-25,67.9,68.04,67.6,67.92,30242730,65.892,65.54423076923075,0.34776923076924504
151,2017-04-26,68.08,68.31,67.62,67.83,26190770,66.127,65.65576923076921,0.471230769230786
152,2017-04-27,68.15,68.38,67.58,68.27,34970953,66.431,65.81192307692305,0.6190769230769462
153,2017-04-28,68.91,69.14,67.69,68.46,39548818,66.782,65.94384615384614,0.8381538461538582
154,2017-05-01,68.68,69.55,68.5,69.41,31954362,67.17499999999998,66.11846153846152,1.0565384615384659
155,2017-05-02,69.71,69.71,69.13,69.3,23906119,67.56599999999999,66.28461538461536,1.2813846153846242
156,2017-05-03,69.38,69.38,68.71,69.08,28927973,67.97,66.43769230769229,1.532307692307711
157,2017-05-04,69.03,69.08,68.64,68.81,21749409,68.301,66.5730769230769,1.7279230769231049
158,2017-05-05,68.9,69.03,68.48,69.0,19128782,68.561,66.70884615384612,1.8521538461538825
159,2017-05-08,68.97,69.05,68.42,68.94,18566087,68.702,66.8330769230769,1.868923076923096
160,2017-05-09,68.86,69.28,68.68,69.04,22858414,68.814,66.95538461538459,1.8586153846154048
161,2017-05-10,68.99,69.56,68.92,69.31,17977830,68.962,67.09999999999998,1.8620000000000232
162,2017-05-11,68.36,68.73,68.12,68.46,28789413,68.98100000000001,67.20499999999998,1.7760000000000247
163,2017-05-12,68.61,68.61,68.04,68.38,18714123,68.973,67.31346153846152,1.6595384615384745
164,2017-05-15,68.14,68.48,67.57,68.43,31530301,68.87500000000001,67.41730769230767,1.4576923076923407
165,2017-05-16,68.23,69.44,68.16,69.41,34956038,68.88600000000001,67.56076923076922,1.3252307692307852
166,2017-05-17,68.89,69.1,67.43,67.48,30548781,68.72600000000001,67.63576923076923,1.0902307692307858
167,2017-05-18,67.4,68.13,67.14,67.71,25201274,68.61600000000001,67.72153846153846,0.894461538461556
168,2017-05-19,67.5,68.1,67.43,67.69,26961119,68.48500000000001,67.81615384615384,0.6688461538461752
169,2017-05-22,67.89,68.5,67.5,68.45,16237550,68.436,67.95076923076923,0.4852307692307818
170,2017-05-23,68.72,68.75,68.38,68.68,15425824,68.40000000000002,68.07384615384615,0.326153846153872
171,2017-05-24,68.87,68.88,68.45,68.77,14666865,68.34600000000003,68.20384615384614,0.1421538461538887
172,2017-05-25,68.97,69.88,68.91,69.62,21854095,68.46200000000002,68.37999999999998,0.08200000000003627
173,2017-05-26,69.8,70.22,69.52,69.96,19827923,68.62000000000003,68.55153846153846,0.06846153846157677
174,2017-05-30,69.79,70.41,69.77,70.41,17072838,68.81800000000003,68.70576923076922,0.11223076923080555
175,2017-05-31,70.53,70.74,69.81,69.84,30436364,68.86100000000003,68.79461538461537,0.06638461538466345
176,2017-06-01,70.24,70.61,69.45,70.1,21603601,69.12300000000003,68.87846153846152,0.2445384615385109
177,2017-06-02,70.44,71.86,70.24,71.76,34770261,69.52800000000003,69.02961538461537,0.4983846153846656
178,2017-06-05,71.97,72.89,71.81,72.28,33316760,69.98700000000004,69.18384615384613,0.8031538461539043
179,2017-06-06,72.3,72.62,72.27,72.52,31511065,70.39400000000003,69.33999999999997,1.054000000000059
180,2017-06-07,72.64,72.77,71.95,72.39,22301765,70.76500000000003,69.45461538461537,1.3103846153846632
181,2017-06-08,72.51,72.52,71.5,71.95,24588270,71.08300000000004,69.55653846153845,1.5264615384615894
182,2017-06-09,72.04,72.08,68.59,70.32,49187396,71.15300000000003,69.60423076923075,1.548769230769281
183,2017-06-12,69.25,69.94,68.13,69.78,47761743,71.13500000000002,69.64153846153845,1.493461538461574
184,2017-06-13,70.02,70.82,69.96,70.65,25258614,71.15900000000002,69.70499999999998,1.4540000000000362
185,2017-06-14,70.91,71.1,69.43,70.27,25510685,71.20200000000003,69.75615384615384,1.4458461538461904
186,2017-06-15,69.27,70.21,68.8,69.9,26068709,71.18200000000002,69.78923076923076,1.392769230769261
187,2017-06-16,69.73,70.03,69.22,70.0,48345085,71.00600000000001,69.81576923076922,1.1902307692307943
188,2017-06-19,70.5,70.94,70.35,70.87,23798268,70.86500000000002,69.90846153846154,0.9565384615384858
189,2017-06-20,70.82,70.87,69.87,69.91,21512231,70.60400000000001,69.9673076923077,0.6366923076923143
190,2017-06-21,70.21,70.62,69.94,70.27,19891051,70.39200000000002,70.03807692307693,0.35392307692309544
191,2017-06-22,70.54,70.59,69.71,70.26,22965738,70.22300000000001,70.07076923076923,0.15223076923078338
192,2017-06-23,70.09,71.25,69.92,71.21,27617291,70.31200000000001,70.21423076923077,0.09776923076924504
193,2017-06-26,71.4,71.71,70.44,70.53,19606974,70.38700000000001,70.32269230769231,0.0643076923077075
194,2017-06-27,70.11,70.18,69.18,69.21,25215128,70.24300000000002,70.38115384615384,-0.13815384615381276
195,2017-06-28,69.21,69.84,68.79,69.8,25806200,70.19600000000001,70.43307692307691,-0.23707692307689854
196,2017-06-29,69.38,69.49,68.09,68.49,28918715,70.05500000000002,70.42576923076922,-0.37076923076919854
197,2017-06-30,68.78,69.38,68.74,68.93,24161068,69.94800000000002,70.43192307692307,-0.48392307692304826
198,2017-07-03,69.33,69.6,68.02,68.17,16165538,69.67800000000003,70.37615384615384,-0.698153846153815
199,2017-07-05,68.26,69.44,68.22,69.08,21176272,69.59500000000003,70.34230769230768,-0.7473076923076576
200,2017-07-06,68.27,68.78,68.12,68.57,21117572,69.42500000000003,70.27153846153844,-0.8465384615384153
201,2017-07-07,68.7,69.84,68.7,69.46,16878317,69.34500000000003,70.25692307692306,-0.9119230769230313
202,2017-07-10,69.46,70.25,69.2,69.98,15014503,69.22200000000002,70.25230769230768,-1.0303076923076588
203,2017-07-11,70.11,70.68,69.75,69.99,17460022,69.16800000000003,70.18423076923077,-1.0162307692307309
204,2017-07-12,70.69,71.28,70.55,71.15,17750925,69.36200000000002,70.14076923076922,-0.7787692307691998
205,2017-07-13,71.5,72.04,71.31,71.77,20269816,69.55900000000003,70.11192307692308,-0.5529230769230509
206,2017-07-14,72.24,73.27,71.96,72.78,25868086,69.98800000000003,70.12692307692306,-0.13892307692303518
207,2017-07-17,72.8,73.45,72.72,73.35,21803907,70.43000000000002,70.18076923076922,0.249230769230806
208,2017-07-18,73.09,73.39,72.66,73.3,26435296,70.94300000000001,70.2953846153846,0.6476153846154062
209,2017-07-19,73.5,74.04,73.45,73.86,22416222,71.42100000000002,70.45230769230767,0.9686923076923506
210,2017-07-20,74.18,74.3,73.28,74.22,42361025,71.98600000000002,70.58961538461537,1.3963846153846475
211,2017-07-21,73.45,74.29,73.17,73.79,46717082,72.41900000000001,70.72499999999998,1.694000000000031
212,2017-07-24,73.53,73.75,73.13,73.6,21394826,72.781,70.86730769230766,1.9136923076923438
213,2017-07-25,73.8,74.31,73.5,74.19,22018681,73.201,71.02846153846151,2.1725384615384797
214,2017-07-26,74.34,74.38,73.81,74.05,16252233,73.491,71.1507692307692,2.3402307692308
215,2017-07-27,73.76,74.42,72.32,73.16,36844220,73.63,71.2757692307692,2.3542307692307958
216,2017-07-28,72.67,73.31,72.54,73.04,18306680,73.65599999999999,71.38230769230766,2.273692307692329
217,2017-07-31,73.3,73.44,72.41,72.7,23600054,73.591,71.47615384615382,2.114846153846173
218,2017-08-01,73.1,73.42,72.49,72.58,20823890,73.519,71.52884615384612,1.9901538461538877
219,2017-08-02,72.55,72.56,71.44,72.26,26499158,73.35900000000001,71.59538461538457,1.7636153846154343
220,2017-08-03,72.19,72.44,71.84,72.15,18214424,73.152,71.7084615384615,1.4435384615384947
221,2017-08-04,72.4,73.04,72.24,72.68,22578952,73.04100000000001,71.81923076923074,1.2217692307692687
222,2017-08-07,72.8,72.9,72.26,72.4,18705681,72.921,71.96961538461537,0.9513846153846401
223,2017-08-08,72.09,73.13,71.75,72.79,22044587,72.78099999999999,72.1180769230769,0.6629230769230929
224,2017-08-09,72.25,72.51,72.05,72.47,22213410,72.623,72.28346153846151,0.33953846153849554
225,2017-08-10,71.9,72.19,71.35,71.41,24734461,72.44800000000001,72.3730769230769,0.07492307692311329
226,2017-08-11,71.61,72.7,71.28,72.5,21443675,72.394,72.52423076923074,-0.13023076923073518
227,2017-08-14,73.06,73.72,72.95,73.59,20096592,72.483,72.6830769230769,-0.2000769230768924
228,2017-08-15,73.59,73.59,73.04,73.22,19181402,72.547,72.80769230769228,-0.26069230769228113
229,2017-08-16,73.34,74.1,73.17,73.65,18150402,72.686,72.94846153846152,-0.2624615384615083
230,2017-08-17,73.58,73.87,72.4,72.4,22977519,72.711,72.99653846153844,-0.28553846153843665
231,2017-08-18,72.27,72.84,71.93,72.49,18761491,72.69200000000001,73.02423076923074,-0.33223076923073336
232,2017-08-21,72.47,72.48,71.7,72.15,17734767,72.667,72.99999999999999,-0.3329999999999842
233,2017-08-22,72.35,73.24,72.35,73.16,14343674,72.70400000000001,72.9926923076923,-0.28869230769228693
234,2017-08-23,72.96,73.15,72.53,72.72,13766507,72.72900000000001,72.9703846153846,-0.24138461538458955
235,2017-08-24,72.74,72.86,72.07,72.69,17098282,72.857,72.92538461538462,-0.06838461538461615
236,2017-08-25,72.86,73.35,72.48,72.82,12794301,72.88900000000001,72.87153846153845,0.01746153846156062
237,2017-08-28,73.06,73.09,72.55,72.83,14569715,72.81300000000002,72.83461538461538,-0.021615384615358835
238,2017-08-29,72.25,73.16,72.05,73.05,11478382,72.796,72.81346153846154,-0.0174615384615322
239,2017-08-30,73.01,74.21,72.83,74.01,16897801,72.83200000000001,72.80653846153845,0.025461538461556188
240,2017-08-31,74.03,74.96,73.8,74.77,27652811,73.069,72.83423076923076,0.2347692307692455
241,2017-09-01,74.71,74.74,73.64,73.94,21736161,73.21400000000001,72.86423076923076,0.3497692307692546
242,2017-09-05,73.34,73.89,72.98,73.61,22242384,73.36000000000001,72.88615384615383,0.473846153846182
243,2017-09-06,73.74,74.04,73.35,73.4,16535785,73.38400000000001,72.91307692307691,0.47092307692309987
244,2017-09-07,73.68,74.6,73.6,74.34,17471200,73.54600000000002,72.98076923076923,0.5652307692307943
245,2017-09-08,74.33,74.44,73.84,73.98,14703816,73.67500000000003,73.04692307692306,0.6280769230769607
246,2017-09-11,74.31,74.94,74.31,74.76,17910383,73.86900000000003,73.14730769230768,0.7216923076923507
247,2017-09-12,74.76,75.24,74.37,74.68,14394850,74.05400000000003,73.22423076923076,0.8297692307692728
248,2017-09-13,74.93,75.23,74.55,75.21,13380802,74.27000000000004,73.33230769230768,0.9376923076923589
249,2017-09-14,75.0,75.49,74.52,74.77,15733914,74.34600000000003,73.40846153846152,0.9375384615385087
250,2017-09-15,74.83,75.39,74.07,75.31,38578441,74.40000000000005,73.51769230769229,0.8823076923077622
